1 6 7 3 7 2 1 4 8 1 7 7 7 5 1 0 
3 3 0 2 5 9 7 7 4 6 9 4 9 7 6 2 
5 0 8 9 4 7 9 1 7 7 7 3 5 5 0 8 
2 6 1 6 8 3 4 1 4 5 9 7 3 4 5 1 
3 7 2 2 7 2 8 4 2 5 2 6 9 0 1 6 
4 7 2 8 6 0 0 6 5 1 6 4 9 1 5 9 
2 9 5 8 7 5 9 6 4 5 4 0 5 4 3 6 
6 6 3 1 8 6 8 6 1 0 6 6 8 1 2 7 
9 7 8 0 4 3 8 4 4 6 3 8 0 9 2 5 
9 8 9 4 0 2 6 4 0 8 3 1 5 2 3 7 
8 3 9 4 1 7 1 1 3 9 5 8 0 9 8 2 
6 4 1 8 7 1 9 4 7 5 1 7 5 1 2 5 
8 3 9 2 8 7 5 0 8 3 1 9 9 5 7 5 
6 4 3 0 2 7 4 2 9 7 4 8 1 7 1 1 
2 5 2 2 2 9 4 2 7 7 6 8 4 8 9 1 
2 5 5 0 7 9 1 5 5 0 7 2 7 0 2 8 

2 1 8 7 6 3 6 0 6 7 4 5 0 2 9 6 
8 3 9 4 0 4 6 7 5 7 5 6 8 2 7 0 
9 5 7 8 2 3 9 4 9 0 7 9 4 5 6 4 
1 4 0 2 5 7 7 0 3 1 1 8 8 1 3 6 
3 0 7 3 4 8 4 6 3 3 5 6 9 0 0 5 
3 9 7 9 2 4 7 0 3 4 3 8 6 8 1 8 
1 2 9 1 1 9 5 6 5 1 2 9 3 8 9 3 
0 5 1 4 5 0 3 1 5 1 7 3 1 7 9 6 
2 5 7 0 3 9 0 1 1 6 4 4 8 7 1 8 
8 8 7 6 0 5 7 8 5 2 4 8 9 1 3 1 
0 3 8 3 9 2 6 1 6 2 2 8 2 9 0 5 
1 2 2 0 0 3 6 3 3 1 5 3 2 1 6 4 
5 5 7 3 1 9 1 3 3 6 3 5 2 9 5 8 
8 3 8 7 0 7 7 6 1 5 4 5 3 8 6 7 
2 6 8 0 5 7 7 3 4 0 6 2 0 5 3 7 
6 7 9 9 6 9 3 7 0 6 8 9 7 4 6 0 

Math multiplication: 
252 245 417 232 187 359 325 220 266 224 289 386 312 339 270 356 
266 369 554 325 252 460 415 274 309 268 329 493 332 485 352 452 
319 381 562 390 272 516 451 291 325 270 335 604 430 433 366 410 
222 254 442 220 218 386 375 248 264 206 267 417 337 299 253 331 
250 257 442 249 166 400 303 285 252 235 291 416 320 293 341 271 
247 297 447 269 279 428 327 241 255 270 334 427 341 326 327 347 
321 348 543 344 243 487 424 323 321 269 347 547 431 394 388 364 
240 282 509 314 246 413 360 266 296 266 334 469 306 379 380 349 
345 300 559 371 199 413 457 331 335 273 374 497 340 359 449 340 
333 317 499 364 211 368 408 287 333 246 329 483 311 315 413 274 
336 355 514 369 216 379 502 266 333 225 347 472 319 345 352 387 
222 269 442 237 212 456 341 263 261 242 299 446 365 294 361 337 
351 365 611 364 234 540 456 308 336 310 403 524 384 418 402 471 
253 282 446 278 153 345 351 226 246 241 275 390 307 325 295 333 
287 364 525 290 196 432 430 268 282 245 322 443 336 411 311 414 
237 303 454 311 237 356 297 209 242 248 308 416 313 359 252 325 

Math multiplication duration in seconds : 0

Divide et impera with threads multipliction 
252 245 417 232 187 359 325 220 266 224 289 386 312 339 270 356 
266 369 554 325 252 460 415 274 309 268 329 493 332 485 352 452 
319 381 562 390 272 516 451 291 325 270 335 604 430 433 366 410 
222 254 442 220 218 386 375 248 264 206 267 417 337 299 253 331 
250 257 442 249 166 400 303 285 252 235 291 416 320 293 341 271 
247 297 447 269 279 428 327 241 255 270 334 427 341 326 327 347 
321 348 511 288 243 487 424 323 321 269 347 547 431 394 388 364 
240 282 509 288 246 413 360 266 296 266 334 469 306 379 380 349 
345 300 559 371 199 413 457 331 335 273 374 497 340 359 449 340 
333 317 499 364 211 368 408 287 333 236 329 483 311 315 413 274 
336 355 514 369 216 379 502 266 333 225 347 472 319 345 352 387 
222 269 442 237 212 456 341 263 261 242 299 446 365 294 361 337 
351 365 611 364 234 540 456 308 336 310 403 524 384 418 402 471 
253 282 446 278 153 345 351 226 246 241 275 390 307 325 295 333 
287 364 525 290 196 432 398 260 282 245 322 443 336 411 311 414 
237 303 454 311 237 356 255 189 242 248 308 416 313 359 252 325 

Divite et impera multiplication duration in seconds : 0