5 1 8 8 9 9 8 7 3 3 6 7 2 4 1 6 7 5 6 7 3 8 9 8 4 5 7 0 4 8 8 1 
6 9 7 6 9 9 3 6 8 1 8 3 7 9 6 3 1 7 1 8 0 7 2 1 2 8 2 8 6 8 8 1 
3 1 7 6 0 2 5 8 3 5 1 0 4 6 9 9 4 2 0 4 6 5 2 4 5 1 3 0 1 6 6 4 
0 8 9 4 5 1 6 5 6 0 0 6 5 1 4 8 1 7 3 9 6 9 5 2 6 1 6 4 7 3 7 1 
2 6 6 0 5 2 4 9 0 1 5 1 4 0 5 5 4 1 6 0 9 4 9 8 9 2 2 2 8 0 9 9 
0 9 4 1 1 9 9 8 3 8 5 7 8 7 4 9 7 2 1 9 8 1 5 7 3 8 9 9 4 7 8 2 
5 8 7 9 4 9 0 4 6 9 8 1 2 9 7 9 3 9 2 2 3 3 8 6 1 3 4 8 8 6 0 0 
9 4 7 2 4 7 3 6 2 8 6 7 8 5 1 1 4 4 3 0 9 0 1 9 4 0 4 5 6 2 5 1 
0 5 8 2 8 5 7 5 0 1 3 0 4 6 2 8 4 8 0 7 2 2 0 5 4 6 4 6 7 0 9 0 
6 0 1 4 2 4 4 1 6 5 5 8 8 7 4 4 4 7 8 9 9 9 6 3 1 5 1 7 4 7 2 8 
7 9 4 9 0 2 3 8 1 4 4 0 1 2 2 7 0 5 8 0 0 1 7 6 3 5 9 9 5 8 2 6 
3 9 0 2 3 8 7 3 6 0 6 8 0 7 2 8 4 6 1 4 8 7 2 2 6 5 5 3 5 1 6 2 
0 8 5 9 2 3 8 4 3 1 0 8 7 8 0 8 2 0 7 9 3 5 1 6 3 9 7 3 1 8 0 3 
0 1 0 1 8 9 2 5 9 6 0 9 4 9 9 7 4 2 1 9 1 4 8 6 0 4 9 3 0 9 4 5 
4 5 3 5 6 8 6 7 1 5 1 7 3 3 2 8 9 0 0 0 5 4 3 4 6 9 7 0 8 8 3 7 
2 4 7 3 6 9 4 7 0 7 6 6 9 9 4 6 7 0 2 2 5 0 1 1 0 1 0 1 6 2 4 6 
9 9 6 8 7 0 7 7 6 4 2 4 5 1 9 3 4 0 2 7 2 1 2 0 7 5 8 4 6 9 7 4 
7 3 5 6 3 9 3 8 2 2 4 2 4 2 9 8 8 9 0 0 3 3 0 5 7 0 9 3 4 5 1 5 
0 7 3 2 1 7 0 8 9 6 4 8 3 4 9 9 6 3 4 9 2 7 5 1 7 2 3 8 8 2 7 3 
2 1 3 1 2 2 0 1 8 6 1 4 0 6 1 8 0 0 1 0 7 9 5 9 9 0 8 5 3 7 0 7 
3 3 2 1 1 8 3 5 1 5 4 7 3 2 3 3 9 6 5 9 3 5 3 4 0 3 2 2 8 7 3 4 
6 5 4 4 2 4 0 9 6 5 2 7 7 8 7 0 6 8 1 1 8 6 7 1 2 5 8 7 6 1 4 7 
6 3 0 0 6 6 2 4 9 6 8 8 9 9 2 2 1 4 3 3 5 0 5 9 2 7 3 5 0 3 0 5 
4 7 9 0 0 4 8 2 2 2 4 2 8 1 7 8 9 1 4 5 5 8 3 2 7 9 3 0 6 6 7 6 
4 9 1 2 2 6 8 2 2 1 4 9 7 7 7 9 4 1 7 6 4 2 6 1 0 0 0 8 5 6 9 3 
3 0 5 2 4 8 7 2 1 7 2 7 9 5 1 0 7 2 6 5 4 8 2 2 4 5 5 6 0 3 3 3 
2 4 7 5 7 9 0 4 2 0 0 6 6 2 9 9 7 5 6 9 8 3 2 7 7 7 0 3 5 4 6 8 
3 2 5 0 9 2 5 0 9 3 8 9 9 4 2 4 6 4 6 5 9 6 7 3 6 7 0 1 8 8 6 1 
1 9 4 8 8 4 6 1 7 2 9 1 4 2 7 6 6 2 7 9 7 0 0 1 4 5 5 8 8 5 1 5 
2 3 7 1 5 1 8 0 5 7 7 1 9 1 8 6 0 4 7 7 4 7 4 4 2 9 8 5 5 9 8 5 
2 7 3 8 8 5 2 5 6 8 7 0 1 6 8 2 0 6 8 2 8 9 4 8 5 0 1 9 0 9 8 2 
3 2 7 8 9 4 3 2 8 6 3 2 0 3 6 2 8 0 6 4 5 9 6 0 3 3 1 0 5 8 4 4 

8 0 3 0 5 3 6 7 7 1 1 4 4 0 7 6 7 7 7 8 0 7 1 2 0 0 0 9 7 6 4 6 
2 8 7 5 5 2 3 1 5 6 6 4 0 1 5 3 6 1 6 9 2 0 9 0 7 3 8 3 8 9 3 7 
7 9 6 3 6 0 7 3 7 7 4 2 3 3 0 0 1 1 6 3 7 7 6 1 8 2 7 4 9 1 3 7 
4 7 2 4 4 3 1 6 7 4 0 5 6 9 7 9 5 8 9 1 2 3 7 7 9 5 7 3 0 1 0 2 
5 7 4 7 6 4 4 7 4 2 2 5 2 4 8 8 1 2 8 2 4 9 2 5 2 6 6 0 2 7 2 5 
9 0 9 7 7 8 9 6 9 0 3 8 1 7 9 6 2 7 8 5 8 4 4 9 9 6 8 5 5 7 5 8 
7 2 7 5 7 9 2 4 1 5 1 5 3 6 8 5 4 6 2 7 1 5 4 5 8 7 8 2 5 1 2 6 
8 5 8 9 4 8 3 0 5 5 0 9 2 0 2 7 7 6 7 5 4 0 5 2 2 4 0 9 9 1 6 5 
4 3 5 9 9 4 9 8 6 1 9 6 1 7 8 8 1 0 2 6 9 3 9 5 6 1 8 5 1 4 0 7 
1 9 3 9 4 9 5 8 2 4 7 2 7 4 1 4 2 1 4 4 5 4 1 5 7 2 9 6 9 7 5 1 
7 7 4 5 6 7 0 8 6 5 0 7 3 3 5 9 0 7 2 5 5 9 9 8 8 6 9 8 7 3 6 9 
9 9 3 8 2 9 8 1 5 3 2 3 9 0 1 4 1 7 2 9 0 9 1 9 9 6 0 1 3 5 9 2 
2 1 5 6 7 0 5 4 4 5 4 1 4 2 1 1 9 6 8 9 4 5 5 4 6 2 8 0 4 2 2 7 
9 0 5 2 1 7 6 5 6 6 9 5 2 8 0 6 2 7 4 0 4 0 7 1 4 1 8 9 6 9 7 3 
9 8 4 9 8 4 5 0 2 5 3 8 7 9 0 2 6 0 5 5 6 4 0 5 9 9 4 2 5 0 6 2 
3 8 5 2 3 4 8 7 3 2 1 4 0 8 3 8 5 8 6 9 1 7 7 7 1 3 9 4 1 9 1 5 
6 5 3 7 0 4 7 6 5 1 3 7 7 0 8 2 1 2 3 6 1 3 9 5 4 0 8 1 4 4 4 1 
0 2 6 4 4 1 9 5 0 7 4 9 4 7 7 9 8 5 3 0 2 2 5 4 6 8 8 9 6 9 6 9 
0 9 4 4 4 8 6 6 6 8 7 8 1 4 8 4 4 6 5 0 1 0 9 4 8 4 8 1 1 4 8 3 
9 7 2 2 2 6 9 5 9 7 2 2 3 7 8 1 5 7 5 7 4 1 1 9 7 1 0 5 4 6 2 7 
4 1 3 2 7 6 4 2 2 3 2 3 4 8 3 6 3 3 7 1 0 7 3 0 8 5 1 5 5 9 8 0 
5 1 2 0 7 2 1 3 4 8 2 7 8 7 1 6 7 1 4 9 3 0 3 2 1 2 1 2 8 8 5 1 
6 3 6 8 5 7 6 6 6 2 2 2 9 5 6 7 6 5 2 2 2 8 5 2 0 6 5 3 1 6 8 6 
4 2 2 1 5 3 6 7 5 7 8 8 7 0 5 1 2 9 0 7 8 9 5 8 4 6 7 1 5 0 8 7 
6 6 8 7 1 1 0 8 7 0 6 8 2 4 6 3 2 9 4 1 7 1 5 6 9 4 8 2 6 8 8 2 
8 9 0 2 5 9 5 8 8 3 2 7 7 0 8 4 2 8 9 5 7 9 2 2 8 4 1 9 6 5 8 7 
0 0 3 4 0 2 4 4 2 1 4 1 3 8 3 5 4 2 4 5 6 4 5 7 0 1 9 6 7 0 4 5 
0 9 8 5 2 2 0 9 4 5 0 8 5 7 5 3 9 8 4 7 2 3 8 0 8 8 6 0 9 6 9 4 
5 2 1 3 3 0 9 2 2 8 7 5 6 4 8 8 9 5 7 8 9 8 5 1 2 0 9 5 9 2 8 3 
6 2 6 4 5 3 8 1 4 9 9 5 6 7 4 5 4 0 3 5 1 1 7 2 4 2 0 6 4 0 8 3 
2 0 3 6 8 6 1 8 2 0 6 6 8 9 7 1 3 6 9 7 1 3 0 2 8 8 0 1 5 7 2 3 
1 2 4 2 9 5 5 3 6 1 9 8 2 7 5 0 1 8 5 5 2 8 8 9 5 6 0 2 9 2 5 1 

Math multiplication: 
947 746 765 824 818 861 917 891 869 722 631 934 796 844 927 888 655 885 877 872 642 818 826 822 917 706 913 710 857 783 863 835 
908 756 785 800 849 729 855 844 852 750 638 936 680 856 858 851 734 809 930 902 685 692 825 662 969 678 877 752 929 826 795 881 
642 510 552 569 603 540 600 541 542 502 479 646 516 680 481 543 496 566 632 610 440 482 564 516 662 474 604 513 652 521 553 486 
674 664 656 670 685 558 736 638 631 647 533 718 595 773 682 681 666 654 740 786 526 588 683 578 788 574 757 515 754 714 663 667 
629 583 625 654 707 603 602 635 614 525 550 782 579 612 668 586 555 715 710 683 509 687 679 538 722 617 697 458 780 621 752 572 
903 817 843 896 805 913 925 880 832 732 686 914 770 874 848 787 731 920 903 1020 671 799 876 783 1050 730 981 739 1003 851 933 855 
788 772 758 780 738 692 881 833 766 726 631 874 671 838 765 899 708 764 803 776 671 725 875 659 866 641 1037 761 876 794 831 804 
662 552 622 658 637 611 691 680 623 549 542 700 583 553 619 629 540 702 694 703 521 683 640 562 779 535 775 567 802 634 739 633 
624 580 586 566 567 532 635 669 564 545 452 700 492 641 668 591 544 683 706 666 521 573 597 517 718 543 758 517 726 647 585 664 
770 669 654 683 775 770 861 778 759 709 627 843 722 825 764 757 676 812 758 804 503 707 770 695 892 628 742 639 804 784 861 672 
548 655 644 598 597 579 640 676 646 608 535 760 544 653 687 687 648 727 689 678 473 577 788 538 685 554 769 606 768 554 732 651 
721 566 632 632 640 675 689 677 638 515 506 769 539 712 717 734 536 715 688 752 492 602 681 607 788 572 750 595 735 790 698 642 
713 692 603 579 600 674 731 643 727 659 556 689 550 673 657 625 558 749 713 754 490 567 742 645 811 497 737 547 677 608 678 647 
795 622 656 786 690 769 876 704 711 558 636 755 656 805 669 689 537 668 684 779 586 650 658 750 748 593 726 586 691 668 735 664 
774 626 630 695 658 700 767 671 694 525 573 780 641 644 732 706 540 728 785 798 549 728 705 661 747 534 750 601 799 645 756 597 
690 572 588 651 615 640 680 570 606 502 492 643 494 573 541 578 461 633 705 661 466 618 627 566 733 485 723 507 708 586 607 550 
787 742 681 778 732 648 734 704 727 610 592 776 644 744 772 692 660 688 843 842 563 652 714 632 858 574 753 611 834 614 694 677 
683 559 673 673 624 531 720 636 619 519 500 809 539 692 651 691 594 675 703 702 542 600 707 665 720 563 809 601 779 580 676 636 
788 791 725 842 706 721 823 753 749 627 613 871 664 805 736 729 673 749 777 881 628 605 769 695 898 618 838 594 844 795 794 673 
504 445 515 493 527 471 582 589 532 449 571 607 489 638 468 559 416 547 478 583 477 530 614 519 538 412 628 446 633 568 653 432 
668 550 533 594 563 622 756 568 605 580 503 697 586 573 660 583 529 618 611 702 450 546 604 594 694 470 623 531 694 577 689 566 
731 613 678 766 719 679 780 687 691 596 593 821 703 743 665 740 688 714 791 763 564 671 738 579 806 607 764 676 899 731 831 650 
687 575 601 665 662 700 727 727 684 519 568 717 549 565 637 656 479 728 619 682 543 697 670 634 753 550 729 596 694 648 736 690 
770 664 638 653 748 641 750 683 703 612 589 782 641 687 715 589 597 694 783 855 549 673 719 606 846 544 757 555 830 667 721 655 
712 647 674 694 681 704 733 652 643 603 535 731 596 736 685 635 635 732 716 825 396 602 704 584 832 618 731 476 694 708 713 628 
638 556 570 612 582 638 626 653 626 517 469 656 578 593 597 530 489 638 640 659 448 541 582 577 761 492 672 452 696 607 663 544 
818 768 684 725 773 697 882 750 800 628 621 899 658 780 805 658 617 836 879 801 599 746 735 747 953 680 767 552 789 761 805 688 
815 693 645 759 781 728 845 790 732 658 643 792 714 712 800 772 578 726 763 802 577 790 747 642 882 594 812 590 747 773 823 709 
711 802 663 718 714 657 748 755 730 649 566 815 543 792 835 738 604 721 796 765 584 680 842 680 931 602 905 569 772 669 709 700 
705 729 652 713 828 708 782 794 688 720 652 802 702 841 752 689 661 714 799 853 613 743 733 667 898 649 833 610 856 662 777 747 
690 720 734 765 812 711 676 803 705 715 654 924 671 875 737 782 635 702 768 697 559 584 790 611 930 728 834 593 822 779 821 664 
703 628 548 664 686 620 692 649 660 553 550 711 609 705 685 670 472 516 690 618 497 574 658 554 726 484 679 497 643 603 625 512 

Math multiplication duration in seconds : 0

Divide et impera with threads multipliction 
947 746 765 824 818 861 917 891 869 722 631 934 796 844 927 888 587 865 877 872 642 674 826 822 917 706 913 710 857 783 863 835 
908 756 785 800 849 729 855 844 852 750 638 936 680 856 858 851 629 809 850 902 673 647 825 662 969 678 877 752 929 826 795 881 
642 510 552 569 504 540 600 541 542 502 479 646 516 680 481 543 496 566 632 610 440 482 564 516 662 474 604 513 652 521 553 486 
674 664 656 670 685 558 736 638 631 647 533 718 595 773 682 681 666 654 740 786 526 588 683 578 788 574 757 515 754 714 663 667 
585 583 625 654 707 603 602 635 614 525 550 782 579 612 668 586 555 715 639 585 509 687 679 538 722 617 665 458 780 572 752 572 
840 713 843 896 805 913 925 880 832 732 686 914 770 874 848 787 731 920 802 957 671 799 876 783 976 730 946 720 930 788 933 855 
788 772 758 780 738 692 881 833 766 726 629 820 671 838 765 899 656 764 803 776 661 634 875 659 866 641 1037 761 876 794 831 804 
662 552 622 658 637 611 691 680 623 549 468 672 583 553 619 629 540 645 694 703 521 683 640 488 779 535 775 567 768 622 739 633 
624 524 586 566 567 532 635 669 564 545 452 700 492 641 644 523 544 683 706 666 521 573 597 517 718 543 695 517 726 647 585 664 
724 669 654 683 775 770 861 778 759 709 627 843 722 825 752 717 676 812 758 804 503 707 770 695 892 628 742 639 804 784 861 672 
548 655 644 598 597 579 640 676 646 608 535 760 503 653 687 687 648 727 689 678 473 577 752 506 685 554 672 574 768 554 732 651 
721 566 632 632 640 675 689 677 638 515 506 769 525 712 717 734 536 715 688 752 492 602 619 607 788 572 668 595 735 790 698 642 
713 692 603 579 600 674 731 643 727 659 556 689 550 673 657 625 558 749 713 754 442 567 742 596 811 497 737 495 677 608 678 647 
795 622 656 786 690 769 876 704 711 558 636 755 656 805 669 689 537 668 684 779 586 650 658 750 748 593 710 537 691 668 735 664 
774 626 630 695 658 700 767 671 649 525 573 780 641 644 694 706 540 689 785 798 549 728 705 661 747 534 750 601 799 552 756 597 
690 572 588 651 615 640 680 570 602 497 492 643 494 573 541 578 362 585 705 661 466 618 627 566 733 485 723 507 702 586 607 550 
702 689 681 778 662 648 734 704 727 610 592 776 644 744 772 636 660 688 843 842 563 652 714 632 858 574 753 599 792 533 694 677 
539 480 673 673 596 485 720 636 619 519 500 809 539 692 524 686 594 675 703 702 542 600 707 665 720 563 809 580 759 580 676 636 
788 791 725 842 706 721 823 753 749 544 613 871 664 805 736 729 673 749 777 881 628 605 769 695 898 618 838 594 844 795 794 673 
504 445 515 493 527 471 582 589 496 413 517 577 489 638 468 559 416 547 478 583 477 530 614 519 538 412 600 431 633 568 653 432 
668 550 533 594 563 622 645 556 605 580 495 697 586 573 660 583 529 618 611 702 450 546 493 556 694 470 623 531 694 577 689 566 
679 613 678 766 719 679 780 651 691 596 593 793 703 743 665 740 688 714 791 707 564 671 644 579 806 607 764 676 899 731 831 650 
687 575 601 665 662 700 727 727 684 519 560 717 549 565 637 656 479 728 619 682 543 697 670 634 753 550 729 596 682 630 736 690 
770 664 638 653 748 641 750 683 703 612 589 782 641 687 715 589 597 694 783 855 549 673 719 606 846 544 757 555 830 667 721 655 
712 647 674 694 681 704 733 652 643 563 505 639 596 736 685 635 635 732 716 825 396 602 704 584 832 618 731 476 694 708 713 628 
638 556 570 612 582 638 626 653 592 517 469 569 578 593 597 530 489 638 640 659 448 541 582 577 761 492 672 452 696 607 663 544 
818 768 684 725 773 697 882 750 774 628 621 899 658 780 805 658 617 836 751 759 599 746 735 747 899 678 767 552 789 761 805 688 
815 693 645 759 781 728 845 790 714 658 643 792 714 712 800 772 578 726 676 761 577 790 747 642 882 594 812 590 747 773 823 709 
711 802 663 718 665 642 748 755 730 649 546 746 543 792 835 738 604 721 796 765 584 680 842 680 931 602 905 569 772 669 709 700 
705 729 652 713 719 635 782 794 688 720 620 723 702 841 752 689 661 714 799 853 613 743 733 667 898 649 833 610 856 662 777 747 
690 720 734 765 812 711 676 803 705 715 588 924 671 875 737 737 635 702 768 697 559 584 790 611 930 728 834 593 822 779 777 614 
703 628 548 664 686 620 692 649 615 544 550 711 609 705 613 590 472 516 690 618 497 574 658 554 726 484 634 454 643 603 587 512 

Divite et impera multiplication duration in seconds : 0