3 0 3 7 8 7 7 3 5 2 0 3 1 1 6 4 4 4 8 4 3 6 2 6 5 1 0 3 9 5 2 2 8 8 8 2 8 9 1 8 3 5 0 4 1 0 6 5 5 8 0 6 4 7 7 9 9 9 7 5 1 7 0 9 
6 9 5 4 2 4 4 9 2 8 4 2 0 6 6 6 2 4 3 9 5 5 4 4 5 9 9 3 9 2 5 5 5 1 8 8 4 0 5 4 2 3 0 0 0 2 7 4 4 3 6 4 6 9 0 8 2 7 7 6 3 4 1 5 
7 0 9 8 1 4 6 7 5 8 9 4 4 8 0 4 2 5 1 5 5 2 5 7 1 6 0 4 3 4 8 0 3 1 5 6 5 9 5 3 2 5 8 2 5 4 7 9 9 7 9 9 0 6 2 2 5 7 0 7 8 4 9 9 
3 5 9 3 6 4 0 6 5 7 6 3 7 4 0 5 4 4 1 3 9 7 5 4 1 4 6 7 6 7 6 5 5 9 5 0 9 7 3 0 7 7 8 6 8 6 4 3 9 9 9 8 6 8 6 0 5 4 8 4 3 9 7 6 
8 7 6 4 9 1 1 9 7 7 1 3 1 6 4 7 2 5 6 0 5 0 2 2 9 2 3 8 1 8 8 8 9 7 9 2 8 9 7 5 8 7 5 5 2 2 8 2 4 3 0 0 8 4 9 4 9 4 3 8 4 4 9 5 
0 4 8 4 9 4 5 9 1 3 8 8 1 6 3 2 8 1 9 0 6 3 6 8 5 2 8 2 6 1 1 1 2 0 3 2 3 0 3 1 6 9 3 8 3 3 2 2 2 9 0 9 7 1 0 7 7 5 8 3 5 9 3 8 
5 5 2 1 3 7 9 0 3 6 2 8 0 7 8 5 0 0 2 7 4 8 3 3 3 3 4 2 3 1 0 5 6 6 8 1 0 8 9 5 6 8 8 7 9 1 9 9 9 9 8 0 8 9 7 9 0 0 8 5 3 6 8 0 
6 8 3 4 0 3 9 4 1 4 2 4 4 1 3 3 1 1 1 6 2 8 7 5 2 8 0 9 2 7 4 5 8 3 9 5 3 6 4 0 5 6 8 7 7 0 2 3 6 4 9 1 1 2 9 5 1 5 4 7 0 3 9 7 
2 7 5 0 3 5 1 7 0 0 5 2 3 8 6 8 6 1 2 6 6 3 4 1 8 3 1 1 3 5 8 2 6 9 9 5 4 3 6 9 6 1 4 8 1 5 6 9 7 3 4 0 2 4 3 6 7 2 8 0 3 6 8 9 
4 3 0 9 3 8 1 6 3 6 9 3 0 3 2 3 0 8 7 0 8 1 0 5 1 3 0 2 3 6 6 2 7 2 4 5 3 9 2 4 3 7 8 1 3 0 1 3 2 6 6 0 1 6 5 8 1 7 0 9 8 5 6 0 
2 9 0 9 0 0 6 9 3 4 7 7 0 6 5 5 0 1 0 4 8 1 3 6 3 9 6 1 2 1 3 7 9 6 4 1 5 1 6 0 9 5 1 7 6 7 8 2 8 0 4 4 9 1 6 0 6 2 4 1 6 8 5 1 
5 2 8 3 2 1 7 0 0 9 8 4 6 2 0 4 9 4 0 5 4 3 4 1 1 3 4 8 0 4 2 1 1 3 5 0 8 4 4 6 4 0 0 4 5 9 4 8 7 7 4 0 9 8 3 3 3 4 1 9 3 7 1 9 
0 8 3 9 0 9 5 1 1 0 8 1 4 1 4 6 5 7 5 4 9 8 6 3 9 5 5 4 1 2 5 9 9 9 1 3 4 2 0 8 2 4 9 6 7 3 3 2 2 3 9 3 0 3 7 8 9 9 8 3 4 9 2 2 
1 2 0 5 9 5 5 4 4 6 1 5 5 0 3 9 6 6 8 4 1 3 9 3 2 7 2 5 4 8 4 2 7 5 6 6 0 1 2 8 0 6 0 4 4 0 6 3 2 0 0 9 1 2 2 8 0 5 8 7 5 3 1 9 
6 0 9 0 1 9 4 0 9 6 6 3 5 5 2 3 7 1 1 1 4 4 3 0 3 5 8 9 2 5 6 1 7 2 5 6 1 9 2 5 8 2 3 0 2 7 3 8 2 9 3 0 0 8 6 5 9 2 9 7 9 5 0 7 
6 6 3 4 7 0 5 5 3 8 5 8 8 1 4 8 8 5 0 3 9 9 3 3 5 3 9 4 7 0 2 7 4 1 3 5 4 1 8 2 6 3 1 9 3 8 4 5 1 7 1 8 5 2 2 9 2 3 3 6 5 5 8 1 
4 9 9 7 0 5 7 9 6 7 6 9 4 6 7 3 1 5 4 1 1 0 9 5 1 2 6 6 2 1 0 5 0 5 1 4 0 8 6 2 4 2 9 5 0 4 6 0 8 4 5 0 8 4 4 0 1 5 0 8 1 1 7 0 
8 5 6 1 6 4 9 5 8 8 3 9 7 1 1 3 0 2 8 1 7 4 4 6 4 3 2 7 0 0 3 7 7 9 0 0 0 0 7 7 4 5 1 2 6 3 1 4 1 0 9 6 6 1 1 2 3 9 5 6 3 7 5 3 
5 9 8 8 1 0 1 6 4 3 3 9 5 5 6 7 7 3 6 0 7 0 5 2 2 7 0 8 0 5 6 9 7 6 2 7 6 5 7 2 1 2 6 1 3 0 3 6 5 1 7 6 6 8 7 3 4 8 4 8 0 4 6 2 
9 4 8 6 7 7 4 5 5 2 9 3 6 7 0 5 9 7 4 7 1 4 6 9 6 4 4 7 6 0 1 7 3 9 4 9 4 7 1 2 0 3 0 4 2 3 6 3 8 4 5 6 4 2 8 5 8 8 2 9 7 5 2 3 
6 5 0 0 9 0 6 5 5 9 5 9 8 8 2 1 3 6 7 1 5 2 8 4 5 2 8 4 8 0 0 2 7 1 5 3 8 4 4 5 1 8 4 2 9 2 5 3 1 9 4 7 0 9 4 8 2 4 9 2 4 0 9 9 
3 8 7 4 9 5 6 1 6 5 6 1 2 2 4 6 3 5 5 0 7 2 2 8 6 4 4 2 8 5 8 8 1 5 3 6 0 8 4 0 1 2 6 0 7 6 0 5 3 2 3 2 8 5 2 4 6 7 8 7 3 8 1 5 
7 8 1 7 5 6 6 1 1 0 5 1 2 7 4 9 9 4 6 2 9 1 7 0 4 7 6 3 4 6 0 0 0 9 7 1 2 6 0 1 5 5 2 0 6 5 5 7 1 2 2 5 1 4 7 9 6 2 9 8 0 9 8 4 
6 1 9 3 0 9 7 7 9 3 5 5 1 2 1 0 6 6 0 3 3 5 2 7 3 1 0 4 1 1 0 2 7 6 8 4 9 2 1 1 4 3 9 2 6 0 9 4 4 0 0 3 4 4 6 4 9 9 5 2 5 7 2 8 
3 1 4 1 2 4 2 2 2 4 5 1 3 1 4 5 0 7 1 3 6 6 5 9 3 0 2 2 1 3 5 6 0 3 8 8 8 6 3 2 2 8 1 2 2 3 9 1 5 6 8 8 7 4 9 6 5 8 9 7 5 5 8 3 
8 2 5 4 5 2 4 1 7 1 2 2 0 8 8 1 7 5 1 8 6 5 3 5 3 3 5 2 3 4 0 2 6 6 8 7 4 2 6 5 4 4 0 1 2 6 8 6 4 6 3 9 1 3 3 0 4 6 5 6 6 3 9 5 
0 0 8 7 6 1 1 7 6 0 1 8 4 0 9 8 0 2 9 6 5 0 7 4 1 2 1 4 3 9 9 1 5 5 6 3 0 9 4 4 8 5 0 5 6 1 9 3 2 4 6 0 7 1 4 7 7 4 2 1 3 4 8 5 
1 4 0 1 8 3 9 7 7 0 9 0 4 0 4 5 9 1 0 4 2 1 1 0 7 8 2 3 6 5 5 2 2 6 5 7 9 7 3 3 2 3 6 7 9 5 0 1 1 1 6 9 6 9 8 1 1 6 9 1 7 3 3 4 
1 7 6 5 6 6 3 1 6 7 6 3 9 6 6 7 2 3 7 4 4 1 1 1 5 2 2 6 5 6 4 6 9 6 4 4 6 2 5 4 1 7 5 5 9 0 3 8 6 3 7 5 4 7 0 6 3 3 4 3 8 2 4 2 
3 8 5 8 6 6 8 9 5 5 1 0 0 8 5 3 1 1 9 8 6 9 2 1 5 9 8 4 7 7 0 6 1 4 7 3 3 4 9 4 9 3 8 2 4 1 2 4 6 2 8 1 9 8 9 7 2 5 0 5 7 2 2 0 
0 2 3 3 4 4 7 1 7 9 9 2 9 0 1 7 5 3 7 0 0 1 0 9 8 5 4 6 2 7 1 4 7 4 7 0 8 3 9 7 2 3 4 7 6 7 9 0 2 6 6 7 9 8 6 1 4 3 2 9 5 0 1 2 
0 4 7 6 8 0 8 4 0 8 2 7 1 0 5 4 1 2 2 5 6 8 7 1 5 6 5 1 5 8 6 6 5 6 4 8 5 0 1 8 9 3 6 5 5 6 8 8 1 2 5 0 1 6 9 3 2 8 1 8 2 2 7 2 
7 2 5 7 5 8 4 1 0 3 3 6 7 9 4 2 9 6 5 7 2 4 6 3 9 3 7 5 2 1 4 3 0 6 2 6 5 2 5 3 6 2 1 3 6 8 1 9 5 2 2 7 1 9 4 3 0 9 5 5 3 5 8 4 
0 6 3 0 6 2 2 7 0 4 8 1 6 0 1 4 9 3 2 0 7 5 7 5 1 0 1 1 4 5 6 6 2 0 9 4 7 8 6 3 4 2 0 7 2 1 6 3 6 9 9 7 2 3 5 8 5 2 8 7 7 2 4 6 
9 3 5 1 7 4 3 4 4 5 5 3 0 5 5 2 4 6 9 3 1 6 2 5 4 7 7 3 5 3 7 9 1 8 8 7 1 9 6 6 6 9 4 3 6 1 5 9 1 3 5 3 7 9 8 4 6 0 6 2 4 1 5 8 
2 1 9 2 5 2 7 7 6 2 7 5 6 8 1 4 5 9 2 1 2 6 2 9 4 7 1 8 8 3 2 6 3 4 0 7 1 7 3 2 5 4 3 8 7 4 8 4 3 1 9 2 4 2 6 7 7 0 5 7 9 6 9 2 
3 9 5 2 8 3 4 8 1 6 3 7 6 0 0 4 6 7 4 6 7 1 2 4 9 7 8 5 3 5 5 6 1 5 2 6 8 0 8 2 9 2 4 5 2 6 8 1 6 7 6 2 6 1 9 9 8 4 8 2 2 5 6 7 
2 1 5 9 9 7 3 3 0 5 3 3 4 3 0 8 2 1 0 6 2 2 7 6 9 8 2 0 5 7 6 9 8 2 6 7 2 8 0 5 5 0 7 4 4 3 8 8 3 5 8 4 9 0 2 6 5 4 4 9 4 6 0 0 
6 9 7 4 2 0 9 4 7 3 2 4 7 4 2 2 5 3 2 4 9 4 8 4 2 8 8 7 2 6 8 7 0 4 6 1 2 3 6 8 4 7 4 5 6 1 8 6 3 6 4 7 3 3 0 3 0 9 5 8 7 1 3 8 
7 4 0 2 1 9 9 2 8 4 9 4 4 6 3 9 7 6 4 6 7 7 4 4 1 9 7 5 2 4 6 8 0 8 0 2 5 7 9 3 2 5 8 1 5 3 4 9 4 3 1 4 8 6 3 8 1 8 5 0 2 3 5 9 
6 9 2 8 4 7 4 8 9 1 7 7 8 8 2 3 3 5 2 4 0 0 4 1 6 0 9 9 1 0 9 7 0 4 2 7 8 1 9 0 2 6 5 7 6 5 9 6 3 2 6 1 6 9 3 9 9 9 1 9 2 2 5 5 
3 9 6 8 1 3 1 5 1 2 5 6 5 9 6 9 5 7 2 0 5 5 8 7 0 5 1 2 9 4 7 5 7 0 9 2 3 7 2 7 2 5 5 5 0 0 1 4 0 1 0 4 6 8 7 8 6 4 3 8 6 1 1 7 
0 4 7 7 9 2 1 2 5 4 9 0 8 1 2 1 6 7 1 7 7 8 2 0 9 3 3 7 7 9 5 0 5 6 6 4 7 6 0 2 0 8 0 6 9 7 1 9 4 2 8 0 9 7 3 9 9 4 3 1 1 7 0 1 
3 6 4 5 9 7 1 4 0 2 4 4 4 0 9 0 6 8 6 7 9 4 9 2 3 9 0 4 9 6 9 1 4 0 1 3 0 6 8 9 4 3 2 1 4 4 1 6 6 0 3 8 2 1 8 4 2 0 7 2 9 7 5 3 
1 9 5 9 6 7 7 3 3 9 3 1 2 8 2 2 4 4 9 6 9 2 4 8 5 3 4 9 6 9 7 2 6 4 2 2 9 1 6 3 0 1 0 1 6 7 3 9 8 7 3 4 1 9 7 6 0 6 9 2 2 3 5 6 
6 1 0 1 7 8 6 1 7 8 3 2 8 2 9 7 3 2 8 3 9 5 8 6 1 3 8 3 2 3 8 3 2 5 8 8 3 1 7 9 8 2 5 4 5 8 6 1 9 5 0 3 3 8 5 8 5 9 5 7 2 7 5 3 
8 9 9 2 9 9 2 5 4 7 4 1 4 5 6 0 9 9 8 0 3 8 5 6 0 6 3 4 0 5 2 2 5 0 8 4 2 0 7 0 6 7 0 0 6 2 9 8 7 5 9 4 8 8 4 9 2 4 4 6 4 0 5 1 
8 2 4 8 5 1 8 4 4 9 0 5 6 2 9 9 0 5 5 6 1 1 7 9 1 7 7 5 6 1 6 0 6 5 4 6 0 1 9 8 5 6 4 3 4 4 2 8 7 4 2 3 3 3 2 9 0 6 2 9 2 1 9 8 
8 4 7 9 7 8 5 2 0 7 9 5 2 4 5 6 4 9 1 6 8 4 4 4 3 2 5 0 0 7 3 4 1 0 5 8 3 9 4 7 0 5 8 1 5 5 6 7 0 0 0 4 3 1 8 3 7 7 2 3 5 1 1 1 
1 6 9 6 0 0 4 1 1 4 5 9 8 8 8 5 8 7 0 1 9 1 3 5 7 7 9 3 4 1 5 9 6 9 9 7 3 9 6 2 2 7 7 1 4 7 2 0 8 1 2 4 0 2 0 4 3 6 6 3 6 4 0 7 
4 4 5 6 0 5 6 1 2 6 8 8 0 1 7 9 3 4 5 1 3 4 6 8 6 2 6 2 2 5 3 8 5 6 8 3 6 0 6 6 6 0 0 6 9 5 5 9 1 3 8 7 5 5 0 0 4 8 3 5 5 2 1 7 
6 5 4 0 3 6 0 9 9 9 7 1 0 7 3 4 5 8 3 0 0 7 0 6 3 5 7 3 3 0 2 7 5 7 1 8 2 5 4 7 0 4 6 2 2 3 9 9 9 3 4 8 0 1 0 1 1 8 6 0 9 2 5 2 
9 4 7 7 0 7 6 9 4 9 3 6 7 9 7 3 7 2 4 5 0 2 7 6 6 7 7 2 2 9 3 9 2 9 7 9 5 3 3 5 5 4 3 2 1 4 7 5 3 6 5 9 6 5 1 1 8 8 1 6 1 7 3 7 
7 9 9 3 2 3 3 1 7 8 8 2 3 9 0 5 0 3 8 8 7 0 2 8 4 8 2 7 6 5 7 9 3 0 8 9 7 4 8 3 6 8 3 3 6 0 7 5 6 4 5 5 0 5 8 0 3 7 9 9 8 1 8 0 
3 8 7 0 0 1 7 5 5 4 3 9 9 6 4 3 0 9 1 3 9 5 9 5 6 7 8 3 8 5 8 9 9 2 9 0 6 6 4 3 7 7 3 5 5 8 1 9 6 6 7 0 7 3 9 5 4 4 4 3 0 8 5 5 
0 1 2 9 9 4 9 0 5 4 4 1 1 3 2 8 9 9 3 3 8 4 9 6 1 7 6 9 7 3 4 8 6 3 6 4 4 4 3 0 8 7 8 9 1 7 7 2 5 7 0 5 7 0 3 1 5 9 5 1 1 6 3 5 
9 5 7 2 8 0 0 9 4 2 4 2 9 6 9 9 5 2 4 4 8 6 6 8 5 2 4 9 8 9 5 3 4 5 0 4 5 4 1 9 3 3 6 0 9 4 6 8 2 3 9 0 9 2 9 5 9 7 0 0 7 3 1 3 
7 1 3 1 3 3 5 4 8 9 5 8 2 3 9 9 7 2 4 8 4 4 9 4 9 7 0 4 3 9 7 2 0 4 5 5 3 4 7 8 0 4 1 0 6 1 6 4 0 1 7 7 2 0 4 9 8 8 0 9 6 7 3 4 
8 5 6 3 0 5 7 4 8 1 8 8 5 5 0 5 1 1 0 9 3 8 2 2 1 7 4 3 7 6 1 8 5 3 0 6 7 8 1 9 5 2 6 1 2 0 8 3 7 2 5 3 3 6 1 0 9 7 6 9 2 7 3 4 
0 9 6 8 4 4 7 5 2 4 6 8 7 9 2 2 5 4 2 5 9 0 3 0 2 2 4 8 6 5 8 2 1 8 0 9 2 1 1 4 9 5 2 9 1 1 3 0 0 7 9 0 4 4 5 0 0 3 1 0 9 5 8 7 
0 3 3 6 8 1 1 5 1 7 0 0 3 4 5 5 0 9 2 3 0 9 0 2 1 8 9 2 1 0 0 2 0 4 0 8 2 0 9 9 6 3 3 2 8 5 6 9 3 7 2 2 8 1 0 1 9 6 7 9 3 2 8 0 
4 5 2 5 1 1 1 5 8 9 7 6 5 2 6 0 8 6 1 5 4 0 3 2 1 2 3 2 4 9 8 3 4 3 5 7 5 2 9 1 3 9 6 7 8 2 3 8 7 9 8 5 7 4 2 5 7 5 2 9 4 7 4 8 
8 7 6 3 8 9 3 1 8 4 5 4 2 1 4 5 9 8 5 0 1 2 9 7 0 1 8 4 2 0 5 3 3 8 4 3 9 0 6 2 6 9 4 3 3 4 5 1 2 7 2 2 0 4 4 2 8 8 1 4 4 0 2 6 
1 2 9 5 0 1 5 6 1 6 7 6 4 6 9 7 2 0 0 4 4 9 3 0 4 6 4 1 8 5 9 9 8 8 8 1 3 7 4 0 0 4 5 7 2 1 1 6 8 6 5 7 5 5 0 2 2 3 4 6 3 4 8 5 

7 6 3 3 3 1 5 3 9 8 5 4 2 9 1 1 8 1 6 6 8 3 9 9 3 0 1 6 3 8 1 0 3 9 1 1 3 9 7 6 2 9 2 0 9 6 5 8 4 7 4 1 1 4 9 3 3 7 2 9 3 2 6 3 
8 1 7 9 3 3 3 4 4 3 2 2 3 0 1 9 2 0 0 1 1 2 2 7 9 5 7 4 9 0 9 0 9 5 4 9 0 6 4 9 1 6 6 1 3 4 7 3 0 2 7 7 0 9 1 3 9 9 5 8 4 0 9 9 
4 6 6 1 5 9 9 8 2 7 1 2 7 3 4 0 9 8 8 9 9 6 4 0 5 8 2 1 0 4 2 8 0 7 3 2 5 4 2 8 8 0 1 5 2 2 3 4 6 3 8 5 2 8 2 6 4 1 3 7 5 6 1 6 
4 4 7 3 0 4 4 3 5 4 9 6 3 3 1 1 6 4 7 5 0 4 5 8 6 4 8 2 1 4 2 5 3 6 2 0 3 3 5 4 8 9 6 9 8 5 4 5 1 8 8 9 4 0 9 8 4 3 5 9 9 9 7 9 
8 1 6 6 1 0 1 1 2 2 7 6 6 2 3 6 9 6 8 0 1 6 6 3 0 9 3 1 5 8 9 0 8 8 4 0 3 7 7 2 0 0 9 4 0 1 4 6 7 8 9 5 5 0 4 2 0 8 8 6 8 5 1 9 
1 1 8 0 4 9 7 5 2 4 2 9 8 6 7 2 0 2 0 7 3 6 6 5 6 5 1 4 6 0 9 6 4 8 5 6 3 3 6 6 3 6 5 5 6 6 8 3 8 2 5 4 4 1 1 9 1 2 5 7 6 2 5 8 
9 0 7 0 8 3 9 8 0 7 2 6 8 6 7 8 2 3 7 5 3 8 1 0 7 2 1 8 9 2 0 2 8 6 9 5 7 3 4 0 4 1 5 0 0 4 0 9 7 8 2 3 4 1 4 4 3 0 7 0 9 1 2 5 
4 4 9 3 6 9 4 5 2 2 4 6 3 6 9 9 8 6 4 3 4 2 9 8 0 1 5 4 0 1 2 7 1 5 2 4 5 2 6 7 4 8 7 5 1 7 7 8 3 9 4 9 8 0 3 5 0 6 4 1 2 0 3 4 
3 0 0 5 2 3 7 5 8 0 3 2 9 7 3 2 7 9 7 7 3 3 8 5 1 5 4 4 0 9 2 0 4 9 4 9 4 7 2 4 9 0 2 5 9 9 9 2 2 2 6 6 8 8 1 1 8 1 4 0 6 6 2 5 
2 2 8 2 8 7 7 6 2 2 0 0 3 4 0 9 8 9 0 3 7 4 2 2 2 8 5 7 3 0 4 2 5 8 5 5 3 7 4 4 2 2 0 3 3 2 9 8 4 0 1 5 6 5 5 6 5 1 7 2 0 7 1 1 
8 3 8 3 0 7 6 4 2 5 2 4 6 1 3 5 1 4 2 8 8 2 5 6 1 6 2 8 5 7 6 6 2 6 1 7 6 9 9 7 6 2 4 9 1 1 5 3 6 6 8 3 5 0 8 3 4 7 6 9 9 3 4 6 
1 2 8 4 4 8 1 1 0 2 6 8 2 1 2 1 3 1 6 2 5 0 9 1 8 7 0 8 3 9 0 2 9 0 9 8 1 2 0 3 7 5 0 9 0 3 0 9 0 1 4 1 1 9 9 3 5 0 0 1 4 6 4 4 
3 6 9 0 1 8 0 7 5 8 1 2 9 3 7 9 0 0 4 0 1 1 8 1 7 3 4 6 6 8 2 9 6 3 6 5 3 5 3 6 4 1 5 2 1 5 2 8 8 9 7 8 7 3 2 8 4 2 9 0 8 8 6 7 
0 2 7 5 1 9 4 2 8 7 3 1 8 6 7 9 1 3 3 4 3 1 9 9 0 9 6 2 5 0 1 5 1 6 0 1 7 7 1 9 3 9 3 2 9 3 7 3 1 7 6 6 9 7 5 3 4 1 8 3 7 0 8 8 
8 9 2 6 9 4 4 6 1 9 5 4 6 1 2 9 2 0 6 1 9 6 4 5 9 2 7 3 6 5 6 3 1 9 5 1 5 1 4 5 4 4 2 2 8 6 0 7 4 2 7 3 3 9 9 5 8 2 3 8 2 7 1 5 
1 2 8 2 8 1 9 2 8 4 1 0 1 4 9 6 8 7 2 8 8 2 2 5 5 9 9 1 5 7 1 0 4 9 6 6 8 9 2 6 3 6 9 3 3 8 7 2 1 6 7 2 0 3 0 6 9 6 8 1 5 7 3 6 
6 8 5 6 6 0 7 1 0 4 5 5 5 7 6 1 9 6 8 4 7 2 3 1 1 6 2 3 6 8 3 8 2 0 1 8 3 9 9 3 1 7 5 7 1 2 3 5 1 5 3 4 2 4 8 3 2 1 4 0 0 8 1 6 
6 2 3 8 1 6 2 2 0 8 5 9 9 5 3 9 4 8 4 6 3 9 3 6 9 1 9 1 2 4 4 4 1 7 3 2 7 6 3 4 1 5 7 5 5 2 6 2 5 0 5 2 9 6 6 9 3 2 6 7 5 0 8 6 
2 5 4 4 7 6 7 2 9 4 3 9 5 2 2 3 5 2 5 7 0 1 2 7 6 1 5 6 7 3 0 9 2 1 1 5 3 8 3 0 3 9 4 6 4 5 7 1 4 7 2 0 7 2 4 3 8 2 5 9 9 9 2 7 
8 1 6 4 2 9 4 7 1 6 1 3 1 5 9 7 8 4 8 7 5 8 3 5 1 7 1 2 7 1 5 3 2 9 4 4 0 4 2 0 3 3 6 2 9 6 3 2 0 8 1 6 0 9 6 4 0 2 1 9 3 1 9 7 
8 6 1 5 4 5 3 0 7 7 4 6 6 8 4 6 1 6 0 3 7 0 6 7 1 9 1 7 3 2 3 3 7 6 2 4 3 7 5 6 4 1 1 8 5 4 9 9 8 1 9 1 7 6 1 7 2 4 5 0 8 1 9 5 
6 5 3 3 4 6 6 2 6 6 7 2 6 0 8 0 7 0 8 8 1 3 1 2 7 3 5 3 7 6 7 7 3 6 3 0 5 1 5 0 0 6 9 1 4 3 9 6 2 1 5 7 1 8 7 3 6 4 9 8 3 4 9 8 
4 7 4 9 6 2 4 8 1 9 3 6 9 6 0 6 9 6 3 6 6 2 4 8 2 9 4 8 6 9 4 6 0 4 6 4 8 8 7 5 9 6 8 8 8 5 5 5 5 5 5 3 0 7 2 7 2 5 4 5 1 2 2 4 
5 9 4 5 0 7 0 6 1 1 4 2 6 2 0 4 2 3 3 6 1 8 4 7 5 4 9 9 0 3 6 5 1 0 8 5 1 6 8 3 1 4 0 0 1 0 3 2 9 3 2 1 4 5 0 9 3 3 4 8 1 8 5 5 
4 2 0 3 2 1 5 2 2 2 3 2 6 9 7 0 1 8 3 3 8 0 9 8 3 0 2 4 9 1 3 5 4 3 9 2 4 2 6 5 2 7 0 7 9 1 7 1 9 8 0 5 1 8 5 9 2 0 5 1 4 9 9 1 
0 0 1 2 5 2 4 6 9 2 3 1 8 4 4 8 8 4 6 1 5 3 2 0 7 6 6 1 4 7 0 6 6 8 5 7 8 0 8 3 9 4 0 0 7 8 9 8 5 2 5 9 3 6 2 8 8 2 7 7 5 4 9 7 
3 1 7 7 8 9 8 6 8 2 8 9 8 0 5 8 8 3 1 1 8 2 7 2 4 7 0 0 7 9 7 8 9 5 4 5 6 7 3 8 0 9 2 9 9 4 4 1 7 7 9 2 5 9 7 5 4 4 0 8 1 4 0 9 
0 4 9 2 8 8 5 4 4 6 6 4 2 7 1 0 7 8 6 9 4 1 0 5 8 9 8 7 1 9 9 1 8 3 6 2 0 2 9 6 8 8 6 8 9 6 5 2 5 5 3 7 0 3 5 0 0 5 6 0 4 7 6 3 
2 3 3 3 9 9 2 9 6 6 5 4 8 2 7 2 1 8 0 4 9 5 9 8 4 3 2 8 2 7 2 8 0 8 4 9 5 9 9 9 7 3 4 8 7 9 4 7 0 8 6 2 4 9 6 7 2 3 9 9 9 4 3 2 
3 5 7 4 8 9 7 8 4 6 1 6 0 7 4 7 1 5 3 7 1 6 6 6 8 5 1 9 0 2 9 2 1 9 8 0 8 1 6 2 9 6 3 4 3 9 3 6 6 7 3 3 6 9 1 3 9 3 4 0 4 1 4 4 
9 1 5 9 9 8 9 3 2 2 8 8 8 4 1 6 1 4 4 8 5 9 7 2 2 6 9 0 4 4 3 8 9 2 0 9 5 6 1 1 3 8 4 6 3 0 6 3 2 9 1 1 7 6 2 8 8 3 4 0 4 0 4 9 
3 4 0 0 5 6 3 5 8 7 9 8 3 3 9 4 6 1 5 2 9 3 2 1 3 6 8 7 7 0 4 3 0 2 1 1 0 2 6 2 8 4 4 5 5 0 8 8 1 2 0 1 3 6 5 8 4 0 1 5 4 6 9 2 
2 7 5 7 9 3 1 8 4 3 0 2 1 3 1 3 4 4 6 9 5 1 7 3 8 7 0 2 3 3 2 9 5 8 0 4 8 6 7 7 8 7 8 0 8 4 7 8 6 1 1 9 0 5 8 7 8 9 4 5 3 6 9 8 
0 8 5 7 4 6 9 8 5 2 7 8 6 0 6 3 7 5 1 6 7 7 3 5 8 8 2 9 1 6 8 3 0 4 9 3 5 3 3 1 8 5 1 6 6 6 3 3 1 2 5 1 9 7 8 6 9 9 7 3 2 3 5 8 
1 7 5 6 5 4 9 2 7 8 3 0 7 7 3 9 0 2 2 4 2 1 4 5 5 1 3 8 7 8 1 2 0 6 9 6 6 6 4 9 2 4 2 8 9 9 3 8 0 2 2 4 1 4 1 4 4 6 0 7 5 7 5 9 
7 8 2 5 2 4 6 6 7 4 2 6 1 4 9 0 3 1 9 9 9 5 8 8 0 4 7 4 7 7 1 1 0 4 2 1 9 0 3 8 0 0 4 8 9 1 4 6 8 6 7 0 5 2 7 2 7 1 6 0 9 9 7 9 
9 0 5 0 3 4 0 4 6 2 2 6 0 4 8 6 3 1 6 7 0 8 9 1 5 2 5 9 2 6 8 0 5 3 4 2 5 2 9 3 5 4 8 4 2 6 2 3 4 1 9 6 4 8 8 2 4 0 4 2 8 1 7 9 
8 4 9 7 1 8 5 2 3 5 3 1 0 7 0 0 6 1 8 2 7 2 2 6 3 5 8 5 1 0 6 9 2 4 3 2 0 0 6 9 2 5 3 8 1 5 7 7 7 4 8 3 6 8 1 8 4 1 5 1 9 1 0 8 
8 6 6 5 8 2 3 9 1 6 4 0 8 8 9 7 3 2 7 5 3 8 8 9 3 6 9 1 6 2 1 0 4 4 5 0 9 0 8 7 3 9 1 6 7 3 9 1 5 9 5 0 3 2 3 9 3 4 9 6 0 6 6 0 
3 7 4 9 3 8 1 0 0 9 5 6 4 3 1 8 6 9 4 4 5 5 2 7 3 0 2 6 7 2 4 8 0 2 6 2 4 9 3 5 3 8 0 5 2 3 9 2 9 4 4 3 8 9 4 3 9 7 5 9 9 2 9 7 
4 7 1 9 0 8 9 9 7 6 8 6 1 8 9 8 1 7 7 6 0 3 1 3 6 9 9 7 2 5 2 9 1 9 7 7 2 2 0 2 9 3 1 8 6 6 2 2 4 8 2 3 3 9 6 2 5 9 7 1 9 3 8 8 
4 8 8 8 0 6 9 9 5 0 3 1 1 3 3 2 9 4 9 5 2 8 2 3 4 4 6 6 6 1 7 1 5 1 2 5 2 5 0 6 8 0 0 8 1 6 5 0 0 4 1 3 7 0 5 2 8 2 7 0 0 3 1 2 
0 7 1 8 3 3 6 4 4 8 7 5 4 2 5 2 4 6 6 5 2 9 6 9 9 2 6 9 9 5 6 1 2 7 7 0 4 3 1 6 6 7 2 3 2 3 8 2 2 9 8 0 4 7 8 5 9 5 2 2 8 4 3 4 
6 2 2 6 8 7 2 3 8 0 8 1 6 3 8 8 5 1 3 5 3 9 3 2 2 4 1 7 5 7 2 3 9 3 3 0 7 9 2 5 2 0 7 1 1 6 6 8 7 7 7 9 0 9 8 1 1 1 2 6 2 6 1 2 
8 3 6 6 9 4 7 3 6 4 0 7 6 6 5 7 8 4 6 9 8 5 8 4 5 3 9 5 0 0 0 6 9 9 4 5 8 6 6 6 7 4 6 0 9 2 7 7 1 8 0 6 5 5 4 5 3 9 4 9 6 3 8 8 
2 7 2 0 0 7 1 0 3 8 5 2 5 4 4 5 4 1 8 3 5 4 5 8 7 8 9 4 0 1 6 6 7 8 4 7 9 8 4 9 2 2 7 8 4 3 1 4 1 0 5 3 1 1 7 0 5 2 5 9 0 1 5 4 
9 0 4 0 6 5 6 6 7 5 6 4 0 5 5 1 7 2 5 1 1 6 6 9 2 6 1 6 4 5 4 3 9 5 1 7 2 6 4 9 0 4 6 4 7 4 8 7 9 2 2 4 1 8 0 5 2 5 1 1 5 8 5 9 
7 7 9 4 4 6 2 1 0 7 8 7 9 6 0 9 5 1 0 7 9 1 9 3 2 6 7 6 7 5 3 6 5 8 5 5 8 8 5 5 3 2 3 4 8 9 7 4 8 7 1 1 4 7 0 6 7 5 7 5 7 1 7 0 
9 0 3 1 6 6 9 7 2 7 4 5 4 6 2 9 7 1 9 7 3 5 3 7 3 2 8 4 8 1 7 4 4 9 6 9 4 3 5 8 5 3 0 1 3 1 9 4 9 5 1 7 4 5 4 6 1 1 8 4 3 0 0 5 
9 8 3 0 1 8 5 0 8 5 9 7 4 5 8 4 6 9 3 6 8 4 8 8 4 8 3 6 9 0 0 7 4 7 5 1 7 0 3 0 2 6 1 6 3 0 5 3 3 1 3 6 1 3 0 7 2 7 2 1 2 5 8 1 
2 4 3 4 4 6 1 7 2 3 9 3 2 0 6 2 9 1 8 2 5 8 8 4 1 6 0 8 1 4 4 2 3 6 7 1 2 2 8 6 6 0 9 8 2 1 3 4 3 9 8 9 7 7 2 5 6 9 1 1 5 8 7 7 
3 2 8 3 8 7 6 5 1 6 4 8 3 5 4 9 1 1 3 6 4 9 5 3 5 7 4 0 0 6 4 9 3 0 2 8 1 4 6 5 1 5 1 3 6 0 8 5 8 9 9 9 9 1 4 3 1 3 1 3 7 0 1 8 
1 3 1 6 4 4 2 5 3 6 1 5 9 4 3 8 4 2 6 9 1 7 3 4 2 0 3 1 3 7 7 2 3 2 5 1 5 4 1 2 9 7 3 6 6 8 3 2 3 3 1 0 5 7 0 2 0 7 1 8 2 4 6 0 
2 0 7 7 4 9 0 7 5 8 8 8 5 1 0 3 3 7 0 3 4 9 5 1 2 1 7 7 8 1 0 7 0 0 8 2 0 1 7 1 8 9 7 7 7 7 8 7 7 8 7 8 8 8 1 6 8 4 8 0 1 2 1 5 
3 8 2 5 2 2 0 1 7 2 4 5 4 1 6 8 0 0 3 5 5 6 9 1 0 0 4 1 7 4 2 7 8 8 8 7 3 8 9 0 9 5 2 0 0 4 6 7 5 7 5 3 3 5 2 3 9 9 3 1 6 5 1 1 
3 0 7 6 2 7 1 8 1 4 3 3 4 4 4 1 7 2 5 3 4 4 8 6 4 0 6 4 3 7 4 3 6 9 5 1 1 1 2 1 9 6 1 2 0 9 6 0 0 8 6 4 0 6 1 8 0 6 6 5 8 2 3 5 
0 3 6 3 7 2 5 9 8 9 8 5 8 4 1 2 0 6 1 5 7 9 9 4 4 0 2 1 8 0 1 2 0 7 7 9 9 7 7 7 9 8 3 0 1 2 0 3 2 3 7 0 9 2 6 6 4 0 4 4 4 9 3 3 
0 1 1 3 4 1 2 5 5 6 5 9 6 4 5 0 7 0 2 4 7 7 5 7 6 8 3 4 8 2 0 5 8 5 2 8 9 0 5 6 9 6 9 8 3 0 1 4 1 8 7 3 8 4 2 0 9 3 8 8 5 8 1 5 
1 8 1 9 6 0 4 3 9 1 0 2 8 1 2 3 8 8 7 3 8 1 0 7 2 3 4 4 3 2 6 0 3 1 9 9 4 6 7 1 0 8 5 8 6 5 5 1 0 9 5 3 3 9 0 4 7 7 1 6 9 6 4 7 
0 1 9 3 2 5 8 4 2 5 4 3 5 8 5 8 7 5 3 1 9 7 4 3 3 6 9 7 0 5 6 0 4 6 0 8 9 9 5 1 3 5 9 7 5 8 1 4 9 4 7 8 0 0 0 9 3 5 3 5 3 0 6 6 
1 3 0 5 5 3 8 6 4 9 4 1 5 8 1 6 5 6 3 6 1 9 9 0 8 6 7 2 7 1 4 4 6 4 0 0 2 1 4 1 7 2 6 1 1 3 2 6 4 1 8 5 9 5 4 8 0 1 0 2 9 2 3 0 
4 9 3 3 9 7 5 7 5 1 9 3 9 9 6 7 8 7 1 6 9 5 5 5 3 2 8 6 5 4 1 3 8 7 3 9 4 9 8 5 0 6 0 7 4 6 9 3 6 4 1 4 6 6 0 8 8 9 1 5 2 1 7 5 
8 1 3 5 4 5 0 8 9 1 8 7 2 4 9 4 1 4 2 5 2 0 9 3 2 9 9 5 2 0 9 9 3 7 7 8 6 2 1 0 3 0 2 3 7 4 7 2 6 4 8 1 8 8 9 4 5 0 6 3 6 0 1 6 
5 4 3 6 2 2 5 2 0 0 2 1 6 7 5 7 6 0 6 6 6 7 2 0 9 4 9 3 5 7 3 1 2 6 6 4 4 1 2 5 2 8 3 7 1 7 5 4 1 8 9 9 9 1 2 1 9 4 5 7 3 1 3 8 

Math multiplication: 
1204 1195 1386 1277 1297 1499 1310 1342 1223 1346 1291 1350 1448 1272 1204 1318 1393 1159 1279 1466 1391 1451 1457 1367 1273 1195 1311 1400 1326 1192 1072 1258 1060 1571 1365 1289 1291 1317 1455 1221 1324 1512 1137 1397 1238 1382 1485 1312 1238 1466 1400 1235 1294 1504 1056 1447 1385 1173 1371 1313 1491 1223 1254 1635 
1174 1019 1363 1255 1342 1540 1318 1426 1224 1370 1190 1218 1438 1208 1257 1465 1452 1127 1209 1337 1463 1308 1463 1405 1142 1329 1341 1277 1329 1178 1044 1155 1073 1578 1206 1278 1297 1279 1388 1380 1208 1476 1163 1415 1470 1328 1549 1299 1155 1471 1389 1260 1166 1567 1040 1471 1305 1150 1306 1376 1320 1131 1399 1618 
1406 1168 1582 1267 1306 1732 1504 1491 1233 1534 1390 1347 1491 1492 1295 1538 1513 1217 1412 1630 1500 1563 1746 1475 1262 1585 1615 1508 1286 1186 1107 1388 1178 1761 1294 1385 1469 1359 1469 1523 1400 1408 1196 1478 1367 1268 1685 1457 1430 1636 1620 1401 1520 1508 1188 1607 1410 1112 1455 1244 1577 1114 1362 1711 
1421 1390 1596 1481 1524 1884 1587 1621 1553 1527 1550 1504 1658 1429 1516 1702 1684 1400 1484 1719 1607 1612 1738 1504 1412 1729 1643 1671 1358 1354 1407 1485 1357 1847 1539 1536 1498 1555 1652 1564 1566 1556 1334 1674 1471 1440 1842 1532 1406 1689 1716 1513 1551 1845 1287 1646 1578 1441 1525 1348 1566 1247 1509 1870 
1327 1260 1501 1505 1430 1604 1518 1499 1508 1447 1426 1372 1456 1508 1366 1597 1504 1341 1416 1572 1451 1447 1704 1524 1317 1489 1621 1490 1361 1249 1291 1254 1262 1771 1409 1354 1458 1492 1468 1474 1526 1644 1210 1516 1457 1477 1731 1424 1361 1555 1509 1259 1403 1720 1260 1565 1540 1306 1448 1241 1514 1295 1444 1701 
1134 1148 1310 1233 1228 1452 1299 1269 1140 1164 1218 1234 1486 1178 1213 1355 1351 1147 1193 1340 1300 1243 1410 1266 1122 1325 1240 1254 1233 1169 1002 1220 1118 1336 1157 1272 1242 1339 1260 1240 1145 1343 981 1421 1062 1124 1359 1141 1115 1444 1390 1137 1211 1307 1077 1285 1101 1060 1178 1269 1301 1129 1105 1444 
1373 1244 1440 1421 1391 1661 1413 1483 1349 1461 1397 1279 1483 1285 1374 1546 1527 1129 1403 1473 1459 1405 1562 1456 1230 1410 1456 1558 1492 1124 1185 1233 1281 1761 1516 1256 1324 1341 1348 1325 1364 1426 1086 1353 1474 1425 1739 1394 1291 1526 1332 1226 1148 1819 1138 1576 1413 1350 1360 1316 1438 1165 1433 1574 
1196 1132 1305 1237 1249 1399 1271 1379 1207 1229 1174 1116 1226 1192 1262 1354 1338 929 1320 1397 1260 1258 1338 1219 1253 1296 1378 1438 1225 1121 1078 1099 1138 1589 1341 1180 1256 1115 1328 1198 1328 1265 1122 1185 1240 1261 1449 1340 1114 1454 1271 1264 1000 1475 1081 1333 1360 1167 1254 1137 1295 1071 1312 1519 
1259 1220 1288 1364 1300 1476 1300 1299 1206 1342 1265 1176 1431 1263 1331 1487 1269 1102 1192 1417 1408 1238 1504 1397 1140 1334 1351 1322 1377 1100 1096 1224 1025 1587 1349 1268 1376 1334 1278 1373 1170 1413 1062 1338 1293 1300 1546 1214 1177 1490 1370 1141 1208 1635 1104 1397 1409 1187 1326 1215 1375 1059 1370 1605 
1005 968 1212 1148 958 1373 1117 1123 1049 1140 1117 1160 1103 1092 968 1131 1124 1018 1004 1231 1120 1177 1368 1244 1042 1131 1279 1256 1031 856 948 1078 953 1398 955 997 1091 1076 1168 1069 1194 1189 979 1241 1016 1075 1367 1100 1084 1202 1261 992 1192 1178 938 1360 1203 1022 1155 1008 1336 903 1142 1336 
1156 1038 1173 1176 1258 1376 1217 1355 1256 1175 1206 1122 1290 1142 1202 1524 1225 959 1179 1294 1197 1206 1394 1251 1126 1319 1320 1226 1124 1007 992 1103 1201 1485 1162 1302 1239 1261 1271 1303 1306 1255 991 1193 1270 1161 1417 1291 1078 1252 1216 1148 1125 1454 1147 1328 1217 1126 1132 1197 1216 1030 1339 1439 
1134 998 1314 1001 1102 1398 1186 1115 938 1314 1103 1088 1310 1223 1062 1387 1339 1025 1147 1310 1301 1216 1229 1047 1072 1252 1250 1280 1119 1108 967 1062 1079 1415 1164 1117 1222 1251 1256 1147 1136 1222 1043 1295 1073 1154 1245 1182 1152 1222 1210 1148 1024 1308 943 1206 1106 1038 1181 1127 1112 928 1193 1326 
1168 1249 1299 1371 1343 1490 1344 1381 1315 1405 1389 1422 1530 1162 1329 1332 1442 1182 1248 1489 1511 1408 1486 1414 1368 1343 1357 1418 1456 1124 1161 1319 1231 1604 1324 1306 1359 1401 1497 1317 1423 1518 1269 1408 1298 1176 1626 1267 1221 1499 1491 1252 1277 1612 1232 1592 1520 1281 1326 1370 1533 1276 1535 1714 
974 995 1306 1214 1253 1252 1251 1193 993 1135 974 1137 1271 1132 1036 1322 1376 1055 1159 1258 1193 1189 1185 1150 1161 1237 1224 1168 1104 1214 974 1045 1032 1330 1126 1169 1188 1246 1208 1071 1103 1278 1097 1228 1148 1227 1377 1188 1094 1363 1227 1154 1104 1230 922 1265 1229 1036 1208 1135 1285 1065 1100 1508 
1046 1195 1341 1217 1206 1510 1429 1268 1236 1389 1208 1157 1452 1326 1092 1250 1345 1242 1227 1418 1507 1202 1470 1187 1168 1387 1303 1275 1255 1153 997 1259 1086 1596 1241 1278 1303 1292 1346 1288 1284 1380 1028 1413 1282 1267 1425 1240 1234 1339 1386 1163 1188 1466 986 1392 1351 1098 1243 1052 1386 1115 1242 1490 
1329 1134 1383 1216 1318 1530 1250 1320 1265 1366 1357 1252 1452 1269 1421 1498 1416 1133 1268 1339 1444 1233 1562 1294 1196 1497 1404 1329 1277 1326 1093 1255 1312 1575 1214 1271 1341 1412 1350 1304 1155 1297 1163 1393 1300 1236 1524 1386 1239 1423 1486 1207 1097 1527 1269 1446 1165 1114 1352 1265 1350 1184 1366 1496 
1063 976 1277 1102 1084 1454 1211 1288 1041 1275 1161 1174 1262 1055 1102 1279 1269 979 1174 1196 1193 1166 1287 1314 1106 1290 1277 1305 1105 1039 1042 1074 973 1387 1166 1102 1150 1131 1116 1288 1234 1224 988 1297 1154 1090 1316 1183 1150 1241 1326 1034 1065 1386 1069 1287 1146 939 1160 1102 1164 1041 1048 1342 
997 1068 1251 1136 1233 1345 1187 1291 1071 1179 1144 1210 1385 1135 1097 1277 1378 1048 1176 1297 1282 1176 1317 1164 1156 1337 1194 1318 1067 1081 966 1060 1159 1346 1189 1213 1157 1264 1236 1128 1251 1214 1009 1251 1160 1072 1392 1199 1145 1322 1210 1067 1230 1320 1012 1277 1269 1126 1222 1167 1245 1111 1265 1382 
1143 1168 1415 1281 1340 1441 1244 1355 1248 1373 1285 1356 1343 1210 1194 1368 1400 1053 1300 1411 1444 1266 1522 1328 1218 1420 1476 1357 1213 1212 1041 1179 1118 1455 1235 1276 1298 1252 1424 1327 1461 1482 1154 1418 1337 1243 1544 1362 1204 1481 1470 1201 1250 1533 1124 1448 1493 1143 1319 1116 1385 1223 1343 1579 
1281 1212 1519 1246 1258 1618 1469 1473 1322 1502 1370 1396 1579 1384 1386 1406 1590 1187 1414 1578 1587 1487 1663 1490 1227 1489 1447 1433 1378 1361 1208 1339 1163 1672 1274 1401 1393 1526 1616 1478 1389 1474 1305 1469 1387 1263 1560 1413 1392 1560 1581 1333 1341 1506 1263 1592 1273 1175 1432 1412 1535 1330 1406 1728 
1281 1106 1453 1378 1262 1514 1179 1329 1294 1309 1213 1325 1451 1207 1223 1465 1423 1191 1267 1321 1381 1243 1656 1359 1206 1389 1356 1471 1329 1224 1061 1281 1225 1494 1346 1288 1279 1378 1393 1328 1238 1416 1147 1413 1315 1235 1580 1360 1205 1549 1517 1278 1358 1544 1205 1390 1315 1161 1382 1219 1486 1148 1258 1614 
1149 1111 1262 1261 1247 1387 1336 1283 1171 1301 1191 1247 1563 1198 1118 1324 1331 1147 1187 1362 1485 1335 1394 1339 1179 1302 1459 1288 1209 1083 1093 1096 1099 1531 1230 1285 1304 1339 1378 1291 1226 1332 1084 1405 1234 1168 1455 1220 1154 1435 1381 1004 1273 1423 942 1476 1359 1113 1317 1307 1397 1127 1247 1504 
1119 1133 1388 1281 1196 1331 1342 1230 1292 1283 1207 1252 1412 1256 1184 1387 1328 1096 1091 1261 1403 1105 1385 1347 1149 1324 1341 1308 1190 1165 1087 1153 1105 1597 1274 1368 1285 1440 1362 1235 1183 1402 1058 1365 1329 1383 1437 1185 1106 1446 1419 1078 1153 1413 1014 1384 1333 1221 1287 1215 1418 977 1241 1620 
1039 1038 1160 1084 1123 1263 1254 1269 1078 1204 1064 1165 1319 1205 1116 1120 1228 1016 1166 1420 1196 1308 1388 1160 1155 1076 1154 1272 1122 1083 933 1016 978 1431 1174 1209 1168 1152 1263 1217 1248 1250 997 1150 1131 1139 1318 1189 1068 1212 1233 1066 1167 1335 1032 1227 1187 994 1093 1095 1278 1067 1147 1435 
1193 1113 1188 1169 1114 1400 1211 1301 1209 1263 1185 1202 1280 1154 1218 1294 1266 972 1207 1351 1292 1396 1407 1279 1034 1234 1363 1300 1163 1050 1127 1081 1030 1383 1219 1217 1205 1178 1307 1172 1148 1199 1076 1335 1162 1082 1387 1163 1208 1294 1364 1046 1225 1410 919 1362 1221 1065 1138 1100 1314 1092 1191 1475 
1223 1147 1182 1185 1142 1346 1258 1253 1182 1344 1214 1186 1312 1255 1207 1336 1285 1028 1250 1331 1317 1259 1454 1307 1098 1384 1248 1201 1166 1095 1035 1137 964 1510 1130 1187 1297 1237 1271 1242 1072 1236 1020 1267 1422 1136 1351 1217 1183 1272 1362 1113 1194 1434 1147 1253 1224 1010 1175 1218 1271 1041 1265 1533 
1167 1112 1271 1271 1249 1459 1248 1332 1150 1213 1192 1201 1232 1163 1117 1258 1302 1056 1269 1360 1198 1217 1407 1264 1118 1307 1284 1228 1026 1127 960 1191 1026 1501 1225 1145 1205 1156 1104 1172 1360 1233 1016 1332 1167 1270 1302 1193 1072 1387 1261 1016 1175 1481 961 1318 1264 1090 1154 1088 1330 1168 1119 1493 
1150 1000 1184 1234 1224 1256 1210 1218 1145 1168 1080 1184 1341 1129 1268 1358 1238 1046 1249 1313 1290 1358 1401 1129 1060 1176 1238 1245 1181 1143 1028 1121 1100 1365 1251 1194 1229 1164 1416 1158 1228 1196 1164 1283 1143 1178 1361 1276 1101 1534 1418 1206 1257 1382 1070 1186 1266 1084 1213 1039 1415 1030 1116 1492 
1185 1075 1455 1261 1355 1551 1338 1424 1223 1376 1171 1253 1409 1193 1206 1445 1364 1145 1247 1469 1333 1342 1548 1289 1267 1393 1379 1385 1295 1118 1134 1185 1157 1571 1242 1167 1273 1308 1329 1339 1389 1296 1168 1298 1344 1271 1564 1281 1217 1486 1401 1272 1308 1533 1139 1467 1358 1120 1382 1200 1490 1201 1341 1565 
1189 1107 1382 1342 1341 1638 1444 1506 1362 1519 1353 1343 1506 1294 1428 1581 1455 1158 1368 1445 1282 1432 1559 1439 1258 1350 1440 1392 1440 1151 1155 1282 1141 1779 1374 1140 1321 1238 1430 1311 1517 1511 1183 1383 1456 1448 1658 1370 1233 1635 1475 1293 1302 1671 1154 1508 1370 1244 1448 1372 1536 1180 1438 1604 
1092 1056 1384 1113 1274 1469 1283 1324 1187 1318 1134 1163 1386 1205 1222 1459 1276 1148 1234 1380 1214 1426 1436 1241 1233 1289 1297 1418 1201 1171 1082 1190 1169 1407 1326 1211 1319 1355 1438 1257 1300 1340 1152 1310 1200 1201 1459 1277 1363 1379 1337 1262 1196 1384 1034 1403 1276 1107 1274 1168 1315 1318 1274 1469 
1222 1123 1282 1267 1267 1494 1269 1341 1197 1351 1342 1364 1303 1119 1307 1425 1374 1114 1246 1332 1377 1338 1466 1216 1192 1438 1314 1429 1286 1162 1068 1243 1182 1630 1321 1202 1391 1275 1277 1173 1353 1221 1192 1366 1268 1220 1414 1410 1251 1427 1364 1140 1131 1616 1191 1348 1458 1153 1337 1185 1405 1141 1337 1571 
1216 1117 1385 1229 1179 1523 1261 1268 1150 1393 1313 1412 1494 1282 1302 1398 1355 1046 1260 1395 1414 1266 1523 1305 1180 1430 1438 1292 1307 1165 1068 1352 1137 1479 1264 1259 1307 1299 1352 1246 1172 1422 1143 1442 1445 1164 1443 1230 1264 1569 1403 1187 1248 1491 1247 1389 1268 1017 1392 1300 1364 1086 1309 1605 
1266 1083 1279 1185 1175 1375 1191 1202 1079 1248 1167 1109 1268 1175 1194 1381 1249 992 1160 1234 1252 1246 1384 1192 981 1264 1280 1309 1174 1082 1054 1148 1013 1336 1141 1179 1167 1216 1373 1188 1066 1196 1130 1310 960 1075 1385 1251 1170 1364 1389 1177 1119 1342 876 1369 1077 1097 1150 1021 1324 1032 1146 1456 
1298 1289 1413 1503 1314 1613 1461 1407 1378 1420 1409 1391 1550 1261 1267 1483 1490 1159 1394 1509 1499 1453 1549 1358 1214 1334 1520 1412 1404 1256 1157 1330 1059 1591 1381 1246 1321 1391 1418 1329 1350 1518 1071 1474 1440 1365 1674 1359 1256 1590 1426 1113 1434 1657 1208 1494 1508 1238 1393 1375 1483 1229 1359 1647 
1218 1150 1378 1253 1276 1623 1319 1478 1293 1360 1341 1216 1509 1294 1380 1377 1452 1225 1402 1469 1413 1402 1599 1316 1190 1414 1500 1415 1138 1230 1119 1300 1163 1620 1282 1280 1354 1381 1441 1349 1374 1243 1200 1323 1242 1258 1533 1366 1329 1493 1478 1253 1328 1583 1179 1527 1239 1102 1382 1190 1541 1215 1362 1562 
1371 1177 1367 1330 1334 1571 1340 1470 1353 1330 1391 1410 1497 1326 1519 1569 1477 1223 1406 1427 1434 1434 1650 1432 1274 1455 1448 1407 1405 1272 1220 1230 1356 1683 1490 1410 1368 1356 1466 1349 1343 1487 1148 1491 1268 1273 1587 1319 1290 1605 1506 1237 1272 1664 1210 1517 1348 1251 1378 1258 1466 1290 1471 1659 
1102 1106 1320 1177 1221 1466 1298 1321 1158 1362 1247 1219 1361 1272 1237 1353 1409 1135 1267 1362 1411 1316 1494 1357 1106 1377 1296 1329 1221 1155 1066 1207 1081 1603 1228 1154 1331 1308 1367 1298 1288 1320 1172 1349 1299 1213 1469 1326 1293 1463 1282 1185 1069 1494 972 1579 1214 1171 1192 1235 1463 1218 1439 1555 
1309 1135 1412 1362 1356 1563 1485 1391 1256 1461 1319 1328 1542 1378 1257 1570 1547 1166 1332 1397 1411 1395 1453 1333 1316 1539 1425 1450 1336 1275 1112 1236 1293 1520 1267 1322 1340 1345 1330 1353 1347 1422 1149 1454 1374 1300 1574 1387 1272 1553 1470 1309 1309 1618 1043 1451 1382 1158 1318 1259 1433 1107 1401 1648 
1344 1127 1467 1354 1343 1582 1450 1412 1292 1451 1311 1434 1626 1351 1390 1515 1518 1111 1359 1577 1488 1422 1513 1415 1335 1493 1543 1433 1438 1304 1215 1257 1250 1671 1371 1342 1389 1337 1422 1326 1404 1567 1149 1450 1412 1406 1748 1303 1222 1595 1506 1135 1405 1630 1175 1511 1496 1160 1526 1347 1493 1097 1405 1657 
1310 991 1591 1327 1286 1643 1359 1498 1329 1421 1471 1469 1578 1339 1414 1455 1470 1085 1359 1468 1432 1511 1800 1482 1228 1436 1553 1431 1414 1322 1181 1161 1377 1611 1294 1357 1422 1392 1403 1499 1457 1571 1358 1559 1459 1352 1559 1286 1248 1706 1590 1308 1353 1537 1259 1486 1352 1152 1430 1278 1442 1260 1411 1690 
1034 1135 1404 1383 1198 1477 1195 1253 1141 1423 1171 1141 1436 1149 1062 1438 1210 1068 1119 1341 1309 1292 1421 1267 1247 1236 1429 1266 1246 1208 996 1238 961 1437 1166 1197 1258 1368 1300 1325 1353 1483 1146 1305 1167 1332 1444 1325 1078 1381 1485 1183 1183 1495 1028 1474 1362 1093 1301 1276 1398 1067 1264 1529 
1247 1123 1423 1266 1216 1564 1236 1342 1157 1347 1231 1230 1507 1196 1168 1325 1407 1172 1296 1477 1388 1343 1532 1287 1146 1250 1269 1342 1205 1210 1185 1220 1171 1625 1282 1167 1331 1368 1452 1347 1395 1251 1215 1435 1275 1314 1447 1262 1168 1456 1370 1268 1255 1547 1123 1390 1263 1167 1404 1265 1388 1175 1379 1546 
1276 1190 1258 1352 1303 1439 1190 1268 999 1388 1185 1258 1456 1239 1072 1490 1272 1115 1260 1341 1311 1280 1422 1303 1171 1296 1388 1157 1205 1103 1123 1322 1095 1528 1168 1251 1193 1313 1428 1209 1199 1318 1029 1295 1239 1185 1536 1277 1255 1438 1363 1117 1226 1486 1074 1482 1227 1113 1287 1312 1448 952 1284 1494 
1375 1150 1520 1289 1389 1658 1301 1362 1247 1384 1256 1431 1539 1307 1228 1563 1410 1224 1267 1555 1395 1369 1587 1480 1281 1515 1517 1451 1325 1073 1231 1331 1297 1665 1388 1353 1361 1404 1566 1313 1328 1545 1225 1441 1439 1303 1680 1324 1320 1593 1441 1339 1328 1600 1097 1517 1416 1187 1519 1354 1498 1135 1427 1685 
1348 1287 1409 1415 1453 1643 1508 1494 1417 1579 1408 1481 1665 1396 1373 1651 1476 1228 1353 1519 1507 1483 1596 1540 1297 1481 1575 1526 1512 1341 1172 1339 1298 1771 1450 1474 1513 1530 1435 1389 1338 1526 1189 1508 1475 1370 1678 1408 1445 1597 1530 1174 1370 1624 1186 1551 1515 1266 1521 1392 1501 1288 1353 1781 
1319 1164 1459 1323 1273 1537 1371 1439 1215 1463 1255 1330 1511 1278 1185 1488 1503 1086 1386 1451 1262 1367 1535 1369 1215 1389 1441 1336 1294 1220 1197 1274 1154 1660 1240 1254 1315 1346 1447 1339 1302 1389 1218 1332 1388 1289 1603 1329 1313 1432 1388 1287 1232 1507 1043 1475 1272 1258 1408 1354 1354 1207 1349 1646 
1264 1178 1467 1354 1327 1535 1351 1477 1144 1387 1271 1273 1483 1279 1222 1579 1519 1147 1355 1446 1431 1384 1496 1398 1318 1443 1582 1360 1270 1307 1068 1234 1168 1706 1360 1282 1441 1358 1256 1297 1313 1409 1079 1341 1419 1374 1509 1284 1281 1584 1416 1193 1219 1480 1197 1516 1411 1158 1482 1404 1364 1171 1277 1586 
1219 1108 1365 1194 1087 1373 1264 1137 1063 1435 1117 1249 1305 1183 1078 1309 1248 1002 1199 1334 1341 1307 1442 1337 1127 1260 1249 1200 1256 1049 1063 1108 1059 1548 1118 1075 1272 1318 1287 1338 1148 1286 1068 1270 1169 1078 1394 1287 1210 1327 1412 944 1185 1345 1128 1364 1250 991 1216 1269 1429 1085 1228 1489 
1164 1251 1342 1327 1266 1502 1439 1354 1190 1424 1213 1186 1487 1235 1223 1405 1375 1082 1358 1312 1527 1262 1435 1335 1386 1452 1466 1334 1309 1197 1065 1228 1112 1471 1262 1282 1317 1249 1310 1535 1283 1389 991 1505 1309 1136 1449 1358 1133 1367 1485 1159 1275 1552 1256 1544 1409 986 1323 1231 1376 1219 1328 1669 
1162 1144 1330 1212 1357 1456 1342 1286 1128 1385 1255 1320 1425 1202 1197 1455 1330 1031 1165 1460 1438 1345 1426 1261 1302 1398 1337 1420 1229 1192 998 1182 1083 1473 1303 1221 1387 1322 1365 1309 1274 1381 1167 1410 1354 1176 1388 1313 1207 1382 1340 1141 1183 1505 1136 1393 1369 1137 1212 1377 1314 1238 1368 1541 
1118 1020 1191 1138 1177 1396 1292 1211 1135 1223 1176 1183 1297 1109 1118 1258 1409 1042 1165 1323 1314 1201 1388 1329 1074 1316 1299 1179 1181 1013 1083 1162 985 1418 1011 1173 1201 1203 1256 1348 1015 1236 997 1192 1252 991 1594 1150 1189 1228 1295 1081 1302 1408 1100 1295 1253 973 1237 1170 1284 1044 1169 1446 
1263 1339 1591 1303 1448 1781 1589 1618 1375 1582 1445 1508 1600 1464 1471 1634 1557 1209 1394 1559 1626 1523 1704 1527 1382 1547 1477 1579 1439 1334 1165 1392 1100 1707 1438 1414 1522 1421 1510 1541 1449 1646 1167 1585 1561 1405 1609 1526 1392 1628 1534 1359 1486 1669 1313 1601 1545 1162 1416 1381 1436 1356 1502 1797 
1376 1206 1478 1373 1382 1682 1543 1551 1567 1495 1293 1333 1490 1431 1392 1593 1467 1279 1402 1617 1521 1465 1676 1520 1223 1623 1628 1551 1410 1160 1177 1290 1255 1712 1320 1501 1418 1501 1547 1478 1457 1420 1201 1486 1568 1321 1754 1418 1391 1630 1525 1293 1379 1710 1167 1589 1516 1180 1458 1343 1682 1305 1532 1733 
1398 1368 1488 1484 1456 1820 1383 1549 1407 1556 1446 1415 1754 1408 1430 1789 1472 1225 1408 1572 1619 1393 1746 1444 1423 1536 1577 1604 1454 1335 1188 1478 1376 1839 1545 1524 1555 1558 1508 1560 1570 1499 1199 1573 1473 1477 1710 1543 1337 1565 1478 1326 1347 1915 1217 1685 1588 1312 1482 1402 1506 1193 1616 1695 
1261 1221 1279 1306 1350 1463 1434 1377 1356 1404 1403 1362 1541 1330 1351 1448 1491 1250 1396 1522 1365 1420 1346 1411 1308 1577 1455 1396 1351 1345 1155 1240 1239 1626 1285 1344 1436 1444 1422 1376 1350 1386 1242 1524 1359 1256 1546 1341 1219 1450 1437 1178 1212 1488 1231 1406 1310 1120 1398 1293 1429 1292 1319 1629 
1294 1371 1447 1384 1398 1622 1318 1428 1327 1605 1360 1386 1526 1311 1298 1499 1532 1237 1377 1578 1528 1427 1775 1534 1294 1425 1429 1463 1336 1337 1215 1348 1209 1778 1372 1223 1414 1510 1552 1499 1539 1521 1284 1370 1352 1360 1559 1429 1300 1636 1539 1206 1404 1730 1198 1486 1463 1366 1456 1337 1547 1333 1481 1610 
1204 1129 1437 1264 1418 1457 1443 1417 1107 1418 1206 1239 1449 1426 1256 1427 1488 1196 1289 1442 1553 1407 1606 1390 1193 1393 1364 1389 1271 1276 1037 1133 1153 1649 1308 1334 1398 1375 1437 1288 1366 1423 1097 1370 1330 1313 1504 1335 1230 1501 1389 1162 1273 1541 1097 1503 1386 1091 1314 1212 1377 1233 1330 1535 
1144 993 1336 1118 1210 1539 1315 1407 1274 1391 1224 1249 1301 1211 1278 1269 1387 1097 1290 1385 1417 1310 1431 1295 1166 1302 1230 1409 1251 1131 1051 1140 1020 1561 1211 1327 1255 1259 1359 1324 1325 1353 1131 1311 1271 1254 1472 1315 1227 1397 1412 1197 1219 1591 1110 1362 1376 1052 1260 1210 1471 1049 1388 1615 
1158 1055 1233 1231 1109 1540 1222 1266 1157 1167 1263 1232 1267 1104 1290 1333 1180 1101 1141 1312 1186 1232 1403 1155 1115 1449 1207 1306 1176 1088 1003 1161 1124 1376 1155 1087 1117 1147 1103 1165 1242 1143 1045 1399 1117 1101 1292 1236 1074 1387 1405 1156 1276 1454 1150 1218 1229 1039 1224 939 1376 1026 1265 1481 
1017 944 1118 1074 1043 1224 1088 1121 1105 1188 1158 1119 1287 982 1133 1324 1291 1012 1103 1144 1168 1172 1228 1166 997 1181 1317 957 1087 907 956 1005 951 1394 1049 1000 1332 1079 1054 1065 951 1166 993 1103 1213 988 1276 964 1069 1171 1200 947 1105 1250 976 1207 1114 989 1198 1224 1149 1005 1228 1318 
1366 1229 1458 1378 1375 1609 1430 1487 1193 1374 1354 1330 1501 1391 1297 1595 1469 1168 1356 1534 1499 1548 1685 1388 1225 1405 1502 1470 1300 1236 1115 1158 1205 1667 1272 1349 1464 1372 1387 1387 1403 1390 1113 1493 1335 1321 1544 1347 1208 1554 1429 1285 1390 1541 1192 1488 1415 1179 1312 1219 1314 1170 1358 1525 
1152 1078 1270 1226 1110 1288 1317 1273 1146 1225 1226 1286 1364 1112 1115 1222 1347 1070 1181 1347 1229 1361 1385 1215 1207 1349 1262 1257 1229 1203 1068 1059 1059 1415 1146 1222 1244 1308 1266 1229 1215 1303 1107 1315 1145 1079 1285 1096 1056 1234 1392 1018 1159 1289 1143 1257 1262 1042 1244 1187 1166 1142 1095 1505 
1189 1092 1369 1180 1403 1582 1384 1382 1188 1330 1268 1173 1406 1139 1287 1440 1327 1042 1213 1394 1474 1267 1428 1185 1210 1412 1340 1324 1228 1125 1068 1278 1009 1532 1216 1200 1343 1181 1265 1283 1291 1302 1059 1332 1290 1238 1497 1386 1121 1396 1379 1248 1190 1565 1173 1486 1338 1013 1274 1194 1281 1048 1231 1509 

Math multiplication duration in seconds : 0

Divide et impera with threads multipliction 
1204 1195 1324 1277 1297 1499 1310 1342 1223 1346 1291 1350 1448 1272 1204 1318 1302 1100 1235 1428 1391 1451 1457 1367 1273 1195 1311 1400 1326 1192 1072 1258 1020 1571 1365 1289 1291 1237 1455 1221 1324 1512 1137 1397 1238 1382 1485 1312 1238 1466 1400 1235 1294 1504 1056 1447 1385 1173 1371 1313 1395 1216 1254 1635 
1174 1019 1363 1255 1342 1540 1318 1426 1224 1370 1190 1218 1438 1172 1257 1465 1290 948 1209 1299 1463 1308 1463 1390 1142 1329 1260 1208 1329 1178 1044 1155 1017 1550 1184 1278 1297 1279 1388 1380 1208 1476 1163 1415 1470 1328 1549 1299 1155 1471 1389 1260 1166 1567 1040 1471 1305 1150 1306 1376 1266 1127 1399 1570 
1406 1168 1582 1267 1306 1732 1504 1491 1233 1534 1386 1305 1491 1492 1295 1538 1481 1193 1412 1630 1454 1525 1602 1377 1262 1496 1615 1508 1286 1186 1107 1388 1178 1741 1294 1346 1469 1359 1469 1523 1400 1408 1196 1478 1367 1268 1685 1457 1430 1636 1620 1401 1520 1508 1188 1607 1410 1112 1455 1244 1509 1114 1362 1711 
1421 1390 1596 1481 1524 1884 1587 1621 1553 1527 1550 1504 1658 1429 1516 1657 1684 1400 1484 1719 1589 1552 1687 1504 1393 1729 1542 1555 1358 1354 1407 1485 1353 1819 1539 1536 1498 1555 1652 1564 1566 1556 1334 1674 1471 1440 1842 1532 1406 1689 1716 1441 1551 1845 1287 1646 1578 1375 1435 1280 1494 1247 1509 1870 
1264 1236 1501 1505 1430 1604 1518 1499 1508 1447 1426 1372 1426 1496 1366 1597 1343 1329 1416 1572 1416 1447 1704 1524 1246 1418 1621 1490 1361 1249 1291 1254 1262 1771 1409 1354 1458 1426 1468 1474 1506 1644 1210 1494 1457 1477 1731 1424 1361 1555 1509 1259 1403 1720 1260 1565 1540 1306 1448 1241 1514 1295 1444 1701 
1035 1076 1310 1233 1228 1452 1299 1269 1140 1164 1218 1234 1486 1126 1213 1355 1225 1022 1186 1324 1255 1234 1410 1266 1115 1268 1240 1254 1233 1169 1002 1220 1118 1336 1157 1272 1242 1339 1260 1240 1145 1343 953 1365 1062 1124 1359 1141 1115 1444 1390 1137 1211 1307 1077 1285 1101 1060 1178 1269 1301 1129 1105 1444 
1373 1244 1440 1421 1391 1661 1413 1483 1349 1461 1397 1279 1483 1285 1374 1546 1527 1129 1403 1473 1459 1405 1562 1456 1215 1347 1357 1468 1492 1124 1185 1233 1281 1761 1446 1256 1324 1341 1348 1325 1250 1344 1086 1353 1474 1425 1633 1324 1291 1526 1332 1226 1148 1819 1138 1576 1413 1350 1354 1316 1419 1165 1433 1574 
1196 1132 1305 1237 1249 1399 1271 1379 1207 1229 1174 1116 1226 1192 1262 1354 1338 929 1320 1397 1260 1258 1332 1212 1253 1296 1378 1438 1225 1121 1078 1099 1138 1589 1341 1180 1256 1115 1328 1198 1276 1265 1122 1185 1240 1261 1409 1340 1114 1454 1271 1264 1000 1475 1081 1333 1360 1167 1254 1137 1244 1071 1312 1519 
1259 1220 1288 1364 1275 1476 1296 1299 1206 1342 1265 1176 1431 1263 1331 1487 1269 1102 1152 1391 1408 1238 1504 1397 1140 1334 1351 1251 1377 1100 1096 1224 1025 1587 1349 1268 1376 1334 1278 1373 1170 1413 1062 1338 1293 1300 1546 1214 1177 1490 1370 1141 1208 1589 1076 1336 1409 1187 1326 1215 1327 995 1370 1584 
1005 968 1212 1148 923 1373 1117 1123 1049 1135 1117 1160 1103 1092 968 1131 1124 1018 1004 1231 1120 1177 1368 1184 1042 1131 1252 1241 1031 856 948 1078 953 1398 955 997 1091 1076 1168 1069 1194 1189 979 1241 1016 1075 1367 1100 1084 1202 1261 962 1139 1123 894 1236 1203 1022 1131 999 1236 865 1061 1288 
1156 1038 1173 1176 1258 1376 1168 1355 1256 1175 1125 1092 1290 1142 1202 1524 1225 959 1179 1294 1197 1206 1394 1194 1126 1319 1320 1226 1124 1007 992 1103 1201 1485 1162 1302 1239 1261 1271 1303 1306 1255 991 1193 1270 1161 1368 1221 1078 1252 1181 1148 1095 1397 1147 1328 1217 1126 1132 1197 1216 1030 1265 1411 
1134 998 1314 1001 1102 1398 1186 1107 938 1314 1103 1088 1310 1223 1062 1387 1337 1019 1139 1310 1301 1216 1229 1047 1072 1252 1250 1280 1119 1108 967 1062 1079 1415 1164 1117 1222 1251 1256 1147 1136 1222 1043 1295 1073 1154 1164 1182 1152 1222 1210 1148 1004 1308 898 1186 1106 1038 1181 1127 1112 928 1180 1297 
1103 1249 1299 1371 1343 1490 1344 1381 1287 1405 1389 1422 1530 1162 1329 1323 1442 1182 1248 1489 1511 1408 1486 1414 1368 1343 1357 1418 1456 1062 1161 1319 1231 1604 1324 1306 1359 1401 1497 1317 1423 1518 1269 1312 1298 1176 1626 1267 1213 1467 1491 1252 1187 1546 1232 1488 1520 1281 1326 1370 1452 1274 1535 1714 
921 995 1306 1214 1253 1252 1251 1193 989 1135 974 1137 1271 1132 949 1241 1376 1054 1159 1258 1193 1189 1185 1150 1161 1237 1224 1168 1104 1206 932 1039 1032 1330 1126 1169 1188 1246 1208 1071 1103 1278 1072 1228 1148 1202 1377 1188 1047 1287 1192 1154 1104 1230 902 1265 1229 1036 1208 1135 1260 1065 1100 1508 
1046 1195 1341 1217 1206 1510 1429 1268 1236 1389 1208 1157 1452 1326 1092 1250 1345 1242 1227 1418 1507 1202 1470 1187 1168 1387 1303 1275 1255 1153 997 1259 1086 1596 1241 1278 1303 1292 1346 1288 1284 1380 1028 1413 1282 1267 1425 1240 1143 1277 1386 1163 1188 1466 986 1392 1351 1098 1243 1052 1284 1115 1242 1490 
1329 1134 1383 1216 1248 1530 1250 1320 1265 1366 1357 1252 1452 1269 1421 1498 1416 1133 1268 1339 1444 1233 1562 1294 1196 1497 1404 1329 1277 1326 1093 1255 1312 1575 1214 1271 1341 1412 1350 1304 1155 1297 1163 1393 1300 1236 1524 1386 1239 1399 1486 1149 1074 1504 1269 1446 1165 1114 1352 1265 1350 1184 1267 1385 
1063 976 1174 1072 1084 1454 1211 1288 1035 1243 1161 1174 1262 1019 1046 1221 1269 920 1174 1196 1193 1166 1287 1314 1082 1258 1277 1305 1105 1039 1042 1074 973 1387 1122 1102 1150 1131 1116 1288 1084 1150 988 1297 1154 1090 1316 1183 1150 1241 1262 1028 1065 1386 1069 1287 1146 939 1160 1102 1146 1001 1048 1337 
997 1068 1183 1136 1233 1345 1187 1291 1055 1064 1129 1162 1385 1063 1027 1172 1364 1047 1176 1297 1282 1176 1317 1164 1114 1295 1194 1318 1067 1081 966 1060 1159 1346 1189 1209 1157 1264 1236 1076 1188 1112 1009 1251 1160 1072 1377 1189 1129 1322 1210 1021 1230 1320 1012 1277 1260 1126 1222 1167 1146 1025 1166 1382 
1143 1168 1311 1281 1340 1441 1244 1355 1230 1333 1285 1292 1340 1210 1194 1368 1400 1053 1264 1333 1444 1266 1522 1328 1218 1358 1476 1357 1213 1212 1041 1179 1118 1455 1214 1247 1298 1252 1424 1327 1461 1482 1139 1418 1337 1243 1544 1362 1151 1441 1444 1201 1199 1399 1124 1448 1461 1107 1319 1116 1385 1223 1284 1579 
1281 1212 1519 1246 1258 1618 1469 1436 1322 1502 1370 1396 1576 1375 1386 1406 1590 1187 1373 1536 1587 1487 1663 1490 1227 1489 1447 1433 1378 1361 1208 1339 1163 1672 1228 1361 1393 1526 1616 1478 1365 1474 1281 1469 1387 1263 1560 1413 1318 1560 1553 1276 1317 1436 1263 1592 1273 1175 1432 1412 1535 1330 1371 1674 
1281 1106 1441 1378 1262 1502 1072 1329 1294 1309 1213 1325 1451 1207 1223 1465 1423 1191 1267 1321 1343 1243 1656 1359 1206 1389 1356 1471 1329 1224 1061 1281 1225 1494 1346 1288 1279 1378 1393 1328 1193 1344 1147 1413 1315 1167 1533 1360 1205 1549 1517 1278 1358 1544 1205 1390 1315 1161 1382 1219 1486 1148 1258 1614 
1149 1111 1262 1225 1215 1387 1336 1230 1171 1301 1191 1247 1563 1198 1118 1324 1331 1147 1187 1362 1485 1335 1394 1339 1179 1302 1459 1288 1209 1083 1093 1096 1051 1531 1230 1285 1304 1339 1378 1266 1213 1292 1084 1405 1234 1168 1408 1184 1154 1435 1381 1004 1273 1423 942 1476 1359 1113 1317 1307 1397 1127 1247 1504 
1119 1133 1388 1281 1196 1331 1297 1230 1292 1283 1207 1252 1340 1181 1184 1387 1325 1064 1091 1261 1381 1105 1385 1347 1149 1324 1341 1308 1190 1165 1087 1153 1105 1597 1258 1357 1285 1440 1307 1235 1183 1402 1058 1365 1329 1383 1437 1185 1106 1446 1419 1078 1153 1404 1014 1384 1333 1221 1287 1215 1418 977 1221 1620 
1034 1030 1160 1084 1123 1263 1254 1269 1078 1204 1064 1165 1229 1162 1116 1120 1178 1008 1166 1420 1196 1218 1388 1160 1155 1076 1154 1272 1122 1083 933 1016 978 1431 1140 1173 1168 1152 1263 1217 1248 1250 997 1150 1131 1139 1318 1189 1068 1212 1233 1066 1077 1335 1032 1149 1127 994 1093 1095 1278 1067 1125 1435 
1182 1095 1132 1100 1114 1400 1188 1301 1209 1263 1185 1202 1216 1154 1218 1294 1266 972 1207 1351 1292 1396 1407 1279 966 1170 1363 1300 1163 1050 1127 1081 1030 1383 1219 1217 1205 1178 1307 1172 1114 1167 1076 1335 1162 1082 1387 1163 1208 1294 1364 1046 1225 1410 919 1362 1157 1065 1138 1100 1314 1092 1191 1475 
1157 1147 1110 1108 1142 1346 1258 1253 1182 1314 1214 1186 1249 1255 1207 1336 1285 1028 1250 1331 1317 1259 1454 1307 1054 1384 1248 1201 1113 1053 1035 1137 964 1510 1130 1187 1273 1237 1271 1242 1072 1236 982 1237 1422 1136 1351 1217 1179 1201 1362 1113 1188 1434 1147 1253 1224 1010 1175 1147 1271 1041 1265 1533 
1095 1060 1271 1256 1118 1441 1164 1300 1150 1213 1192 1201 1232 1163 1117 1258 1302 1056 1269 1360 1198 1217 1407 1264 1118 1307 1284 1228 1022 1119 960 1191 952 1501 1225 1097 1205 1156 1082 1172 1360 1233 1016 1332 1167 1270 1302 1193 1072 1387 1261 1016 1175 1421 961 1283 1264 1090 1095 1088 1307 1032 1062 1493 
1013 1000 1176 1153 1224 1256 1210 1193 1145 1168 1080 1184 1341 1129 1263 1321 1238 1046 1219 1285 1290 1358 1401 1129 1060 1176 1238 1245 1181 1143 1028 1121 1030 1365 1245 1190 1217 1115 1416 1158 1228 1196 1164 1283 1143 1178 1361 1276 1101 1534 1418 1206 1257 1382 1070 1186 1227 1077 1213 1039 1415 1030 1116 1483 
1185 1075 1455 1261 1355 1551 1318 1424 1223 1310 1171 1253 1409 1193 1206 1445 1364 1145 1247 1469 1333 1241 1499 1249 1231 1346 1379 1385 1229 1118 1134 1185 1066 1478 1202 1127 1273 1308 1329 1339 1389 1296 1168 1298 1344 1271 1564 1266 1217 1437 1401 1272 1308 1533 1139 1467 1358 1120 1360 1170 1490 1174 1291 1488 
1189 1107 1338 1342 1341 1638 1444 1506 1362 1519 1353 1343 1506 1294 1428 1581 1455 1144 1368 1445 1282 1432 1499 1367 1183 1324 1440 1392 1395 1151 1155 1282 1133 1712 1360 1090 1321 1238 1430 1267 1517 1448 1183 1383 1456 1448 1626 1370 1125 1530 1475 1293 1302 1671 1154 1508 1370 1215 1424 1308 1536 1180 1348 1485 
1092 1056 1384 1113 1274 1469 1283 1324 1187 1318 1134 1121 1386 1205 1222 1459 1213 1148 1234 1380 1214 1426 1436 1241 1233 1289 1279 1327 1201 1171 1082 1190 1169 1407 1326 1211 1319 1355 1438 1257 1300 1340 1122 1310 1200 1201 1459 1232 1363 1379 1337 1237 1196 1384 1034 1403 1276 1107 1274 1125 1315 1318 1274 1469 
1222 1123 1282 1267 1267 1494 1269 1341 1197 1351 1342 1316 1303 1119 1307 1425 1374 1114 1246 1332 1377 1338 1466 1216 1192 1438 1274 1429 1286 1162 1056 1212 1182 1630 1321 1202 1391 1275 1233 1093 1353 1221 1192 1318 1268 1220 1414 1352 1251 1427 1325 1110 1131 1616 1191 1323 1458 1153 1270 1138 1405 1141 1337 1571 
1216 1117 1385 1229 1119 1523 1237 1268 1150 1336 1313 1412 1494 1282 1273 1398 1334 1028 1260 1395 1414 1178 1489 1305 1112 1336 1438 1292 1307 1165 1068 1352 1137 1479 1238 1259 1307 1299 1352 1246 1172 1422 1137 1406 1445 1164 1443 1230 1264 1569 1403 1187 1248 1491 1247 1389 1268 1017 1392 1300 1364 1086 1309 1605 
1266 984 1279 1185 1175 1357 1191 1202 1035 1248 1167 1075 1268 1175 1086 1254 1249 992 1160 1234 1238 1246 1384 1192 969 1234 1280 1309 1174 1082 1015 1064 1013 1336 1141 1149 1167 1216 1307 1142 1066 1189 1081 1303 960 1075 1385 1251 1107 1264 1389 1177 1119 1342 876 1369 1077 1097 1150 1021 1324 1032 1146 1456 
1236 1243 1413 1413 1314 1613 1461 1407 1334 1401 1334 1350 1467 1261 1179 1427 1490 1159 1352 1373 1474 1421 1549 1358 1214 1334 1520 1412 1404 1256 1088 1299 1059 1591 1381 1246 1321 1389 1418 1329 1350 1518 1071 1474 1440 1365 1502 1251 1256 1590 1426 1113 1434 1657 1208 1494 1508 1238 1393 1375 1483 1229 1359 1647 
1127 1090 1378 1253 1276 1623 1319 1478 1261 1360 1256 1193 1445 1268 1360 1298 1408 1217 1339 1406 1364 1402 1599 1316 1190 1414 1500 1415 1138 1230 1070 1286 1163 1620 1282 1280 1276 1282 1441 1349 1374 1243 1200 1323 1242 1258 1407 1306 1329 1493 1478 1253 1328 1583 1179 1527 1239 1102 1382 1190 1541 1215 1362 1562 
1371 1141 1354 1282 1334 1571 1340 1470 1353 1275 1391 1410 1497 1326 1519 1569 1477 1223 1406 1314 1434 1434 1650 1432 1202 1354 1448 1407 1315 1266 1220 1230 1356 1683 1490 1410 1368 1356 1466 1327 1277 1455 1148 1491 1268 1273 1565 1301 1290 1605 1506 1237 1272 1664 1210 1517 1348 1251 1378 1258 1466 1290 1471 1659 
998 1059 1274 1150 1221 1466 1298 1321 1145 1336 1187 1219 1361 1272 1237 1353 1334 1126 1251 1284 1411 1316 1442 1259 1106 1377 1296 1329 1221 1155 1066 1207 1081 1603 1228 1154 1331 1308 1270 1298 1198 1320 1172 1349 1299 1213 1416 1314 1293 1463 1282 1185 1069 1494 972 1579 1214 1171 1192 1235 1463 1218 1439 1555 
1309 1135 1299 1261 1356 1553 1485 1391 1193 1429 1306 1328 1542 1378 1244 1570 1547 1166 1332 1352 1395 1395 1453 1333 1316 1539 1425 1448 1336 1275 1068 1236 1293 1520 1267 1322 1340 1345 1330 1353 1347 1376 1118 1454 1374 1300 1574 1387 1272 1553 1470 1309 1309 1618 1043 1451 1382 1158 1318 1259 1433 1107 1401 1648 
1344 1127 1376 1194 1343 1534 1450 1412 1292 1370 1311 1434 1626 1351 1370 1515 1518 1111 1308 1510 1488 1422 1513 1376 1267 1493 1543 1433 1438 1304 1187 1220 1250 1671 1371 1342 1389 1337 1422 1326 1404 1524 1149 1450 1412 1406 1748 1303 1222 1595 1506 1135 1405 1630 1175 1511 1496 1160 1496 1347 1493 1097 1405 1657 
1310 991 1591 1327 1286 1643 1315 1457 1329 1421 1471 1343 1578 1339 1364 1388 1470 1064 1359 1468 1432 1511 1746 1401 1228 1436 1553 1431 1414 1322 1127 1161 1377 1611 1294 1357 1422 1392 1403 1499 1445 1471 1358 1559 1459 1352 1525 1228 1248 1706 1590 1308 1323 1470 1259 1486 1352 1152 1430 1278 1442 1260 1389 1690 
1034 1135 1404 1383 1198 1348 1155 1181 1141 1423 1119 1082 1436 1138 1062 1438 1204 1016 1119 1341 1309 1292 1411 1267 1169 1212 1429 1266 1246 1208 996 1238 961 1437 1166 1197 1258 1368 1300 1325 1353 1483 1146 1305 1167 1332 1409 1241 1070 1299 1485 1183 1182 1480 1028 1474 1362 1093 1301 1276 1398 1067 1244 1529 
1247 1123 1423 1266 1216 1564 1236 1342 1133 1309 1231 1230 1411 1144 1168 1325 1307 1172 1281 1405 1388 1268 1532 1273 1134 1250 1269 1342 1205 1210 1185 1220 1171 1625 1181 1167 1331 1368 1452 1347 1395 1251 1215 1435 1275 1281 1447 1262 1168 1456 1370 1268 1255 1547 1123 1390 1263 1167 1404 1265 1388 1175 1317 1468 
1276 1190 1258 1352 1303 1435 1190 1268 987 1346 1185 1258 1440 1239 1072 1442 1224 1107 1260 1341 1311 1280 1422 1303 1171 1296 1354 1157 1205 1103 1069 1274 1095 1528 1168 1199 1119 1313 1428 1209 1199 1318 1029 1295 1149 1143 1536 1277 1255 1438 1363 1117 1226 1486 1074 1482 1227 1113 1287 1312 1448 952 1284 1494 
1291 1116 1520 1289 1389 1658 1255 1282 1242 1304 1256 1431 1457 1253 1228 1563 1410 1224 1267 1555 1267 1288 1587 1480 1281 1515 1432 1427 1325 1073 1231 1307 1297 1665 1388 1353 1361 1404 1566 1313 1328 1545 1225 1441 1439 1303 1680 1324 1320 1545 1441 1339 1328 1600 1097 1517 1416 1187 1519 1354 1498 1135 1427 1685 
1211 1283 1409 1415 1453 1643 1476 1494 1363 1495 1408 1481 1665 1396 1373 1651 1476 1228 1353 1519 1416 1437 1596 1540 1297 1481 1575 1526 1512 1341 1128 1339 1298 1771 1450 1474 1513 1530 1435 1389 1338 1526 1189 1508 1475 1370 1678 1408 1395 1510 1530 1174 1370 1624 1186 1551 1515 1266 1521 1392 1501 1288 1353 1781 
1304 1164 1459 1323 1273 1537 1371 1439 1207 1374 1255 1330 1471 1278 1185 1484 1503 1086 1386 1451 1262 1367 1535 1369 1215 1389 1441 1336 1294 1220 1035 1274 1154 1660 1240 1254 1315 1346 1423 1235 1302 1389 1218 1332 1388 1289 1603 1329 1313 1432 1388 1287 1232 1507 1043 1418 1272 1258 1408 1354 1354 1207 1349 1646 
1258 1153 1467 1354 1327 1535 1351 1477 1098 1232 1271 1273 1389 1175 1222 1579 1519 1147 1355 1446 1431 1384 1435 1333 1318 1443 1582 1360 1270 1307 1068 1228 1168 1706 1360 1282 1441 1358 1256 1297 1313 1409 1079 1341 1347 1318 1509 1284 1281 1584 1416 1193 1219 1480 1197 1516 1411 1158 1482 1404 1364 1171 1277 1586 
1219 1108 1324 1194 994 1321 1264 1137 1063 1435 1117 1249 1229 1151 1078 1300 1248 1002 1167 1278 1341 1307 1442 1337 1114 1259 1249 1170 1256 1027 964 1035 1059 1548 1118 1075 1272 1318 1287 1229 1148 1286 1068 1270 1111 1078 1394 1287 1210 1234 1412 944 1185 1345 1128 1364 1250 991 1140 1269 1429 1079 1228 1489 
1164 1250 1318 1300 1250 1502 1439 1354 1142 1332 1149 1186 1487 1144 1181 1405 1375 1082 1328 1265 1527 1262 1435 1335 1365 1416 1406 1278 1293 1195 1065 1180 1094 1461 1262 1282 1317 1249 1160 1302 1283 1389 991 1505 1290 1136 1449 1358 1122 1367 1485 1159 1275 1552 1256 1544 1409 986 1269 1223 1376 1219 1328 1669 
1126 1144 1330 1212 1357 1456 1342 1286 1128 1384 1255 1320 1425 1202 1122 1405 1330 1031 1165 1460 1369 1306 1426 1261 1238 1398 1337 1384 1187 1134 998 1182 1083 1473 1303 1221 1387 1322 1365 1309 1186 1372 1167 1410 1354 1176 1388 1313 1207 1382 1340 1141 1183 1505 1136 1393 1369 1137 1212 1377 1314 1238 1368 1541 
1010 996 1191 1138 1177 1396 1292 1211 1000 1181 1176 1183 1297 1109 1118 1258 1409 948 1165 1323 1224 1138 1388 1329 1045 1316 1273 1179 1181 1013 1047 1082 985 1418 1011 1173 1201 1203 1256 1348 1015 1236 997 1192 1252 991 1594 1150 1189 1228 1295 1081 1302 1408 1100 1295 1253 973 1237 1170 1284 1044 1169 1446 
1233 1339 1591 1246 1448 1757 1588 1609 1375 1582 1431 1504 1600 1464 1471 1634 1557 1209 1394 1559 1592 1353 1704 1527 1382 1547 1477 1538 1439 1278 1165 1392 1100 1707 1438 1414 1522 1421 1510 1541 1449 1646 1167 1585 1561 1405 1609 1526 1392 1628 1501 1359 1486 1669 1313 1601 1545 1162 1416 1381 1436 1356 1502 1797 
1367 1206 1408 1373 1382 1682 1543 1551 1567 1495 1240 1287 1490 1431 1392 1593 1467 1279 1386 1596 1384 1380 1676 1520 1223 1623 1511 1452 1294 1088 1153 1278 1255 1712 1320 1501 1418 1501 1547 1478 1457 1420 1201 1486 1568 1321 1754 1418 1391 1630 1525 1293 1379 1710 1163 1589 1516 1180 1458 1343 1682 1305 1532 1733 
1333 1343 1488 1484 1441 1777 1383 1549 1407 1556 1446 1415 1684 1408 1430 1789 1472 1225 1408 1572 1619 1393 1746 1416 1423 1536 1577 1604 1438 1269 1188 1478 1376 1839 1545 1524 1555 1558 1418 1488 1570 1499 1199 1573 1473 1477 1710 1543 1337 1565 1470 1326 1347 1915 1217 1685 1588 1312 1482 1402 1506 1193 1616 1695 
1261 1221 1279 1306 1326 1414 1434 1377 1284 1380 1403 1362 1520 1296 1351 1448 1491 1250 1396 1522 1365 1420 1346 1297 1308 1577 1455 1396 1337 1329 1155 1240 1239 1626 1285 1344 1436 1444 1422 1376 1350 1386 1242 1524 1359 1256 1546 1341 1219 1450 1437 1178 1212 1488 1231 1406 1310 1120 1398 1293 1429 1292 1319 1629 
1258 1322 1324 1384 1300 1526 1318 1428 1259 1543 1360 1386 1526 1311 1298 1499 1515 1213 1334 1537 1528 1427 1775 1534 1229 1377 1393 1449 1258 1337 1215 1348 1209 1778 1372 1223 1414 1510 1552 1499 1539 1521 1185 1325 1352 1360 1559 1429 1300 1636 1539 1206 1404 1730 1198 1486 1463 1366 1456 1337 1502 1278 1481 1610 
1099 1032 1437 1264 1314 1434 1443 1417 1091 1394 1206 1239 1449 1426 1256 1427 1404 1196 1289 1442 1553 1407 1606 1358 1184 1377 1301 1387 1244 1197 1037 1133 1153 1649 1308 1334 1398 1375 1437 1288 1366 1423 998 1325 1330 1313 1504 1335 1230 1501 1389 1162 1273 1541 1097 1503 1386 1091 1314 1212 1281 1195 1330 1535 
1048 993 1328 1118 1210 1539 1282 1364 1274 1391 1224 1249 1301 1211 1278 1269 1387 1097 1290 1385 1401 1300 1315 1295 1166 1302 1230 1253 1251 1131 961 1140 1020 1561 1211 1327 1255 1259 1329 1219 1325 1353 1131 1311 1271 1254 1472 1315 1227 1397 1412 1197 1219 1591 1110 1362 1376 1052 1260 1205 1471 1049 1388 1615 
1086 1046 1184 1110 1109 1540 1144 1266 1157 1167 1227 1180 1267 1104 1250 1301 1159 1101 1141 1230 1125 1175 1403 1155 1115 1449 1104 1213 1176 1088 1003 1161 1124 1376 1155 1087 1117 1147 1083 1141 1242 1143 1045 1399 1117 1101 1292 1236 1074 1387 1405 1156 1276 1454 1150 1218 1229 1039 1202 921 1376 1026 1265 1481 
1017 944 1028 1074 1043 1224 1052 1089 1105 1184 1158 1119 1281 982 1133 1292 1205 1012 1103 1144 1147 1148 1228 1166 997 1181 1317 957 1087 907 924 993 951 1394 1049 1000 1332 1079 1054 1065 951 1166 993 1103 1213 988 1276 964 1069 1171 1200 947 1105 1238 976 1207 1058 953 1198 1224 1132 989 1228 1318 
1366 1229 1438 1327 1375 1609 1322 1438 1172 1307 1315 1263 1501 1374 1221 1523 1397 1134 1356 1468 1479 1548 1685 1388 1225 1405 1502 1470 1291 1176 1083 1113 1205 1667 1272 1349 1464 1372 1387 1387 1403 1390 1113 1493 1335 1321 1544 1347 1208 1554 1429 1285 1390 1541 1192 1488 1415 1142 1312 1219 1314 1170 1358 1525 
1152 1078 1270 1226 1110 1288 1249 1231 1146 1225 1226 1286 1364 1112 1083 1182 1291 1005 1181 1263 1229 1361 1385 1215 1207 1349 1262 1245 1226 1181 1032 1059 1059 1415 1146 1222 1244 1308 1266 1229 1215 1303 1107 1315 1145 1079 1285 1096 1056 1234 1392 1018 1159 1289 1143 1257 1262 1042 1212 1187 1166 1142 1083 1505 
1189 1092 1369 1180 1379 1582 1286 1240 1188 1330 1268 1173 1406 1139 1191 1438 1268 1022 1180 1333 1474 1267 1428 1185 1210 1412 1258 1324 1176 1081 1068 1201 1009 1532 1216 1200 1343 1181 1265 1283 1291 1302 1059 1332 1290 1238 1497 1386 1121 1396 1379 1248 1190 1565 1173 1486 1338 1013 1274 1194 1281 986 1231 1509 

Divite et impera multiplication duration in seconds : 0