9 1 4 5 8 5 4 2 
5 5 4 3 2 5 4 4 
8 7 8 1 2 8 4 6 
2 9 5 7 6 7 7 7 
6 2 5 4 9 5 7 9 
7 9 9 9 5 8 2 2 
3 0 4 1 2 8 1 4 
8 8 7 8 6 0 8 7 

1 2 1 0 8 5 6 8 
3 6 9 5 1 7 1 8 
4 2 3 7 7 6 4 6 
9 1 8 4 0 0 7 4 
7 2 9 0 4 7 4 2 
6 5 2 0 9 0 3 5 
1 7 3 9 8 3 0 3 
1 2 7 7 6 5 2 2 

Math multiplication: 
165 110 178 103 222 154 157 181 
115 116 154 129 182 130 103 165 
142 159 191 173 275 193 138 240 
210 185 292 220 245 201 149 228 
177 148 246 187 276 203 155 192 
238 163 268 176 248 203 198 278 
95 74 88 69 164 76 81 107 
189 168 292 242 251 239 178 252 

Math multiplication duration in seconds : 0

Divide et impera with threads multipliction 
165 110 178 103 222 154 157 181 
115 116 154 129 182 130 103 165 
142 159 191 173 275 193 138 240 
210 185 292 220 245 201 149 228 
177 148 246 187 276 203 155 192 
238 163 268 176 248 203 198 278 
95 74 88 69 164 76 81 107 
189 168 292 242 251 239 178 252 

Divite et impera multiplication duration in seconds : 0