#####################Method1#####################
Numbers from 1 to 541
Number of threads is 17
Execution time : 0,6s
All the prime numbers:[2, 47, 79, 3, 53, 5, 109, 83, 113, 7, 59, 11, 127, 89, 139, 131, 13, 61, 17, 137, 149, 97, 151, 19, 173, 67, 23, 157, 101, 163, 211, 29, 71, 233, 31, 223, 167, 103, 37, 239, 73, 241, 41, 107, 263, 307, 43, 251, 311, 269, 179, 313, 257, 317, 181, 331, 271, 227, 277, 359, 337, 191, 347, 389, 367, 281, 229, 283, 373, 397, 349, 193, 353, 401, 379, 293, 419, 383, 449, 409, 197, 487, 457, 421, 461, 491, 199, 521, 499, 463, 431, 467, 503, 523, 509, 479, 433, 541, 439, 443]
###########################################################################
###########################################################################
###########################################################################
###########################################################################
###########################################################################
#####################Method2#####################
All the prime numbers:[17, 3, 2, 19, 37, 53, 71, 73, 89, 107, 109, 127, 163, 179, 181, 197, 199, 233, 251, 269, 271, 5, 307, 23, 359, 41, 379, 59, 397, 113, 431, 131, 433, 149, 7, 449, 43, 61, 167, 79, 467, 97, 239, 151, 487, 223, 257, 241, 503, 277, 293, 313, 521, 331, 311, 349, 523, 367, 347, 421, 541, 439, 457, 383, 401, 419, 491, 509, 11, 29, 47, 83, 101, 137, 173, 191, 227, 263, 281, 317, 353, 389, 443, 13, 461, 31, 479, 67, 103, 139, 157, 193, 211, 229, 283, 337, 373, 409, 463, 499]
Numbers from 1 to 541
Number of threads is 17
Execution time : 0,4s
